Date,Open,High,Low,Close,Volume
2016-01-04 00:00:00-05:00,101.64396083533272,101.9330912186817,99.45056789429609,101.91315460205078,37912400
2016-01-05 00:00:00-05:00,102.58113897850112,103.3986771567116,101.36480001925064,102.42162322998048,23258200
2016-01-06 00:00:00-05:00,100.82641582889865,103.45849022302444,100.59711052390972,102.66089630126952,25096200
2016-01-07 00:00:00-05:00,100.1983176296518,101.12552624630528,97.00792647906584,97.62606048583984,45172900
2016-01-08 00:00:00-05:00,99.58016711974663,100.19830867778748,96.73872406660028,97.03782653808594,35402300
2016-01-11 00:00:00-05:00,97.61609357124748,98.30401712975797,95.10365394649352,97.21729278564452,29932400
2016-01-12 00:00:00-05:00,98.70281662619846,99.6599339352492,97.25717235457324,99.07170867919922,28395400
2016-01-13 00:00:00-05:00,100.27807316838906,100.27807316838906,94.92419050252155,95.15350341796876,33410600
2016-01-14 00:00:00-05:00,95.5622749629258,98.57321375550224,92.17247959659484,98.07471466064452,48658600
2016-01-15 00:00:00-05:00,93.6978876162454,96.0906770433579,93.2592060049118,94.6849136352539,46132800
2016-01-19 00:00:00-05:00,96.24022908879616,97.12755682350888,93.63806333888832,94.97404479980467,30998300
<<<<<<< HEAD
2016-01-20 00:00:00-05:00,92.55134614996383,94.71483045156232,89.10173323787554,94.06678009033205,59051400
2016-01-21 00:00:00-05:00,94.62509077902502,95.70184291715302,92.34196427860604,93.8773422241211,30518900
2016-01-22 00:00:00-05:00,96.12059773197144,97.7756107475965,95.20335362975943,97.64600372314452,30495400
2016-01-25 00:00:00-05:00,98.42365399111904,99.1813746795703,96.6390264731374,96.71878814697266,32482000
2016-01-26 00:00:00-05:00,97.46653550649977,97.58617040926563,95.37284103668688,97.04779052734376,26877100
2016-01-27 00:00:00-05:00,97.4964512062018,97.55626866186356,93.9471401824147,94.16647338867188,58699400
2016-01-28 00:00:00-05:00,106.87820055140656,110.00877418995032,104.49537553875366,108.782470703125,107475300
2016-01-29 00:00:00-05:00,108.66282606112496,112.50126741105444,108.51327481757087,111.87316131591795,62739500
2016-02-01 00:00:00-05:00,111.932972518827,115.37262050248346,111.67375849140316,114.7445068359375,46132700
2016-02-02 00:00:00-05:00,114.45539277944042,117.23701097567306,112.86018962474348,114.26596069335938,59778600
2016-02-03 00:00:00-05:00,114.92397213495504,114.99376170042493,109.420545754566,112.35172271728516,56919300
2016-02-04 00:00:00-05:00,111.46440568460908,111.60398482895086,108.92205714346872,110.15833282470705,38890200
2016-02-05 00:00:00-05:00,109.18126330825164,109.2510528705109,102.87026355319412,103.7575912475586,76894700
2016-02-08 00:00:00-05:00,100.10859160736568,102.37177414498946,97.16744239183252,99.45056915283205,71229700
2016-02-09 00:00:00-05:00,96.84840606901726,102.09261881365757,96.52936694423836,99.24120330810548,62709000
2016-02-10 00:00:00-05:00,101.24516752856611,102.94006138036748,99.9390947492914,100.69681549072266,45179400
2016-02-11 00:00:00-05:00,99.30100941274432,104.7944710831903,98.58316956244748,101.60408020019533,43670600
2016-02-12 00:00:00-05:00,103.42859138785192,103.92709048905526,100.78654463017564,101.70378875732422,36176800
=======
2016-01-20 00:00:00-05:00,92.55133864348032,94.71482276960693,89.10172601117684,94.0667724609375,59051400
2016-01-21 00:00:00-05:00,94.62509846918894,95.7018506948244,92.34197178322069,93.87734985351562,30518900
2016-01-22 00:00:00-05:00,96.12059022176174,97.77560310807536,95.20334619121698,97.64599609375,30495400
2016-01-25 00:00:00-05:00,98.42365399111904,99.1813746795703,96.6390264731374,96.71878814697266,32482000
2016-01-26 00:00:00-05:00,97.46654316881384,97.58617808098482,95.37284853440558,97.04779815673828,26877100
2016-01-27 00:00:00-05:00,97.4964512062018,97.55626866186356,93.9471401824147,94.16647338867188,58699400
2016-01-28 00:00:00-05:00,106.87820055140656,110.00877418995032,104.49537553875366,108.782470703125,107475300
2016-01-29 00:00:00-05:00,108.66282606112496,112.50126741105444,108.51327481757087,111.87316131591795,62739500
2016-02-01 00:00:00-05:00,111.93297996128184,115.37262817364144,111.67376591662276,114.74451446533205,46132700
2016-02-02 00:00:00-05:00,114.45539277944042,117.23701097567306,112.86018962474348,114.26596069335938,59778600
2016-02-03 00:00:00-05:00,114.92397213495504,114.99376170042493,109.420545754566,112.35172271728516,56919300
2016-02-04 00:00:00-05:00,111.4643902449069,111.60396936991458,108.92204205592472,110.15831756591795,38890200
2016-02-05 00:00:00-05:00,109.18127133645392,109.2510609038449,102.8702711173426,103.75759887695312,76894700
2016-02-08 00:00:00-05:00,100.10858392749066,102.3717662914934,97.16743493758908,99.4505615234375,71229700
2016-02-09 00:00:00-05:00,96.84840606901726,102.09261881365757,96.52936694423836,99.24120330810548,62709000
2016-02-10 00:00:00-05:00,101.24515985762515,102.94005358101118,99.93908717730636,100.69680786132812,45179400
2016-02-11 00:00:00-05:00,99.30101686920251,104.79447895214952,98.58317696500347,101.60408782958984,43670600
2016-02-12 00:00:00-05:00,103.42858362906988,103.9270826928779,100.78653706958896,101.70378112792967,36176800
>>>>>>> e449bea2185155843b42d9ec49e68bf9bed44428
2016-02-16 00:00:00-05:00,103.48841348104423,103.61802050529847,99.93909480996976,101.30498504638672,45687200
2016-02-17 00:00:00-05:00,101.71374666746672,105.40264434107571,100.09861455244972,104.88420104980467,44073400
2016-02-18 00:00:00-05:00,105.48240848072489,105.68180507033613,102.72071931500588,103.1594009399414,29593500
2016-02-19 00:00:00-05:00,102.24216297694484,104.70474200960584,101.75362840843395,104.25609588623048,32404500
2016-02-22 00:00:00-05:00,105.17333280756787,107.9250498338421,105.02378156363594,106.83832550048828,35709700
2016-02-23 00:00:00-05:00,106.52925182097466,107.14739341820014,104.80444926468024,105.14342498779295,25319300
2016-02-24 00:00:00-05:00,103.89718255924504,106.62895552503544,102.43159397339444,106.55916595458984,34412400
2016-02-25 00:00:00-05:00,106.78847289479836,107.74559020996094,105.29297566363958,107.74559020996094,29906300
<<<<<<< HEAD
2016-02-26 00:00:00-05:00,108.37369616045936,109.12144477501587,106.83832569894987,107.59603881835938,26686200
2016-02-29 00:00:00-05:00,107.27699619630523,108.58306890598804,106.42954931555938,106.59903717041016,32779000
2016-03-01 00:00:00-05:00,107.50631691343972,109.49034118652344,107.27700398232804,109.49034118652344,26817300
2016-03-02 00:00:00-05:00,109.35076317295652,110.2181543476156,108.4434911574116,109.61994934082033,25670200
2016-03-03 00:00:00-05:00,109.91904742923944,109.96890037996754,108.21418148393234,109.25106048583984,21353100
2016-03-04 00:00:00-05:00,109.7196414308327,109.7196414308327,107.60600276897856,108.06462097167967,24938900
2016-03-07 00:00:00-05:00,107.74559262624382,107.74559262624382,104.4056502563867,105.4126205444336,31436400
2016-03-08 00:00:00-05:00,104.46546537196792,107.04769454652244,104.0866088117384,105.6120147705078,25617000
2016-03-09 00:00:00-05:00,106.37970503212092,107.1872787475586,105.1733381213723,107.1872787475586,20493300
2016-03-10 00:00:00-05:00,107.5860737437261,108.3338223543225,105.45249071018488,106.99784088134766,24854300
=======
2016-02-26 00:00:00-05:00,108.37370384499586,109.12145251257354,106.83833327461666,107.5960464477539,26686200
2016-02-29 00:00:00-05:00,107.27700387422196,108.5830766773816,106.42955693282352,106.59904479980467,32779000
2016-03-01 00:00:00-05:00,107.50631691343972,109.49034118652344,107.27700398232804,109.49034118652344,26817300
2016-03-02 00:00:00-05:00,109.35075556229698,110.21814667658684,108.44348360989692,109.61994171142578,25670200
2016-03-03 00:00:00-05:00,109.91905510528188,109.9689080594914,108.21418904091789,109.25106811523438,21353100
2016-03-04 00:00:00-05:00,109.71964917707216,109.71964917707216,107.6060103659945,108.06462860107422,24938900
2016-03-07 00:00:00-05:00,107.745584827997,107.745584827997,104.40564269987314,105.41261291503906,31436400
2016-03-08 00:00:00-05:00,104.46546537196792,107.04769454652244,104.0866088117384,105.6120147705078,25617000
2016-03-09 00:00:00-05:00,106.37970503212092,107.1872787475586,105.1733381213723,107.1872787475586,20493300
2016-03-10 00:00:00-05:00,107.58608141506411,108.33383007897812,105.45249822938948,106.9978485107422,24854300
>>>>>>> e449bea2185155843b42d9ec49e68bf9bed44428
2016-03-11 00:00:00-05:00,108.15436488349656,109.09153799135868,107.59604073559764,109.08157348632812,20697600
2016-03-14 00:00:00-04:00,108.9519577718238,109.99880888303626,108.44348658010698,109.56012725830078,17249400
2016-03-15 00:00:00-04:00,108.78246912821828,110.49730716914011,108.51327536715912,110.33778381347656,17618500
2016-03-16 00:00:00-04:00,110.15832476192072,112.16229319685571,109.76949608735768,111.84325408935548,24744800
2016-03-17 00:00:00-04:00,111.8133498971796,112.35172983914264,110.3976142756246,110.68673706054688,24241200
2016-03-18 00:00:00-04:00,111.22511077327076,112.08252978765532,109.93898225169391,111.11544036865234,36256900
2016-03-21 00:00:00-04:00,111.3248195992182,112.03268738895704,110.69670588234996,111.51424407958984,18448000
2016-03-22 00:00:00-04:00,111.025712433408,112.54114624508088,110.83628035451436,111.9130401611328,19001100
2016-03-23 00:00:00-04:00,111.67376352975948,112.85022163646477,111.66379141856504,112.2021713256836,18562000
2016-03-24 00:00:00-04:00,111.79340347410202,112.75052081659751,111.34475733453904,112.7106475830078,17839100
2016-03-28 00:00:00-04:00,112.97983230404964,114.24601663291268,112.61094024286491,113.34872436523438,21351800
2016-03-29 00:00:00-04:00,113.488303244058,115.97082655157706,113.29887115813544,115.79136657714844,29825300
2016-03-30 00:00:00-04:00,116.3796027291352,116.63881678333856,114.01671426702504,114.3556900024414,33235200
2016-03-31 00:00:00-04:00,114.35568945869768,114.6647640703053,113.4284808368599,113.75749206542967,21207500
2016-04-01 00:00:00-04:00,113.4085379966995,115.8212716608294,113.00973722090716,115.71160125732422,24760500
<<<<<<< HEAD
2016-04-04 00:00:00-04:00,113.72757676007951,114.20613921091504,111.27496226496628,112.21214294433594,48487900
=======
2016-04-04 00:00:00-04:00,113.72758449250964,114.206146975883,111.27496983064114,112.21215057373048,48487900
>>>>>>> e449bea2185155843b42d9ec49e68bf9bed44428
2016-04-05 00:00:00-04:00,111.77346253021304,112.97982937165082,111.56409383275611,111.88313293457033,22962400
2016-04-06 00:00:00-04:00,112.13237683714088,113.4683506318409,112.08252388984953,113.36865234375,20814600
2016-04-07 00:00:00-04:00,113.44842515142744,114.54512164104828,112.73058523633232,113.2988739013672,20714500
<<<<<<< HEAD
2016-04-08 00:00:00-04:00,113.90703320817668,113.98679488193302,109.57009298369329,110.2978973388672,48497800
2016-04-11 00:00:00-04:00,110.36769246650437,110.57706877229444,108.44348572744282,108.66282653808594,39762300
2016-04-12 00:00:00-04:00,109.01177741140354,110.826321402257,108.66282956950576,110.27796936035156,26248100
2016-04-13 00:00:00-04:00,111.89310647927152,112.31184387954973,106.20024031049736,110.1782684326172,88227400
2016-04-14 00:00:00-04:00,110.28793761039822,111.7036731516664,109.929017669444,110.50727081298828,28473300
2016-04-15 00:00:00-04:00,110.45743202520524,110.63689200633324,108.87220092415926,109.31088256835938,20922800
2016-04-18 00:00:00-04:00,109.41057855243028,110.47736630475892,108.87219862043835,110.11844635009766,21167200
2016-04-19 00:00:00-04:00,110.76648881796132,112.1124347490302,108.83231765141848,111.95291900634766,30210500
2016-04-20 00:00:00-04:00,112.09249927169216,112.92997404388512,111.22510816635632,112.08252716064452,21027900
2016-04-21 00:00:00-04:00,112.21215187456802,113.69767708157492,111.97286682686108,113.09947967529295,20875200
2016-04-22 00:00:00-04:00,110.87616924977335,111.4145491922061,108.68277624563348,110.22811889648438,38458200
2016-04-25 00:00:00-04:00,109.54018779169476,110.33778173551484,108.74258624138255,109.76949310302734,21017900
2016-04-26 00:00:00-04:00,110.1583199407589,110.16829205175782,107.82534799548488,108.43351745605467,22521500
2016-04-27 00:00:00-04:00,107.61598043081662,108.61297855937636,105.99086861310931,108.56312561035156,52213100
2016-04-28 00:00:00-04:00,119.22104380748829,120.42741068863909,115.88110143650157,116.37960052490234,87110100
2016-04-29 00:00:00-04:00,116.46933001555584,117.48626483790136,115.4922684277008,117.22705078125,37140600
2016-05-02 00:00:00-04:00,117.4762890804669,118.37358890041094,116.22006933254524,118.2140655517578,28095200
=======
2016-04-08 00:00:00-04:00,113.90704108721806,113.98680276649156,109.570100562745,110.29790496826172,48497800
2016-04-11 00:00:00-04:00,110.3676847174084,110.57706100849782,108.44347811344856,108.6628189086914,39762300
2016-04-12 00:00:00-04:00,109.01177741140354,110.826321402257,108.66282956950576,110.27796936035156,26248100
2016-04-13 00:00:00-04:00,111.89311422741156,112.31185165668562,106.20024766442972,110.17827606201172,88227400
2016-04-14 00:00:00-04:00,110.28793761039822,111.7036731516664,109.929017669444,110.50727081298828,28473300
2016-04-15 00:00:00-04:00,110.45742431578688,110.63688428438935,108.87219332538268,109.31087493896484,20922800
2016-04-18 00:00:00-04:00,109.41057855243028,110.47736630475892,108.87219862043835,110.11844635009766,21167200
2016-04-19 00:00:00-04:00,110.76648881796132,112.1124347490302,108.83231765141848,111.95291900634766,30210500
2016-04-20 00:00:00-04:00,112.09250690176547,112.92998173096488,111.22511573738682,112.08253479003906,21027900
2016-04-21 00:00:00-04:00,112.2121443050303,113.69766941182756,111.97285927346488,113.09947204589844,20875200
2016-04-22 00:00:00-04:00,110.87616157552428,111.41454148069327,108.68276872319922,110.22811126708984,38458200
2016-04-25 00:00:00-04:00,109.54018779169476,110.33778173551484,108.74258624138255,109.76949310302734,21017900
2016-04-26 00:00:00-04:00,110.1583199407589,110.16829205175782,107.82534799548488,108.43351745605467,22521500
2016-04-27 00:00:00-04:00,107.61598043081662,108.61297855937636,105.99086861310931,108.56312561035156,52213100
2016-04-28 00:00:00-04:00,119.22103599181978,120.42740279388585,115.8810938397867,116.3795928955078,87110100
2016-04-29 00:00:00-04:00,116.46932243547543,117.4862571916366,115.49226091120973,117.22704315185548,37140600
2016-05-02 00:00:00-04:00,117.4762966622462,118.37359654010092,116.22007683324964,118.21407318115234,28095200
>>>>>>> e449bea2185155843b42d9ec49e68bf9bed44428
2016-05-03 00:00:00-04:00,117.16721794164248,117.80530374853832,116.66871887217133,117.0774917602539,24117500
2016-05-04 00:00:00-04:00,116.25995267632702,117.94488195196692,116.22007183830388,117.70559692382812,23448400
2016-05-05 00:00:00-04:00,117.68566516035148,118.62284587630568,116.89803569152714,117.45635223388672,22056700
2016-05-06 00:00:00-04:00,116.80830206752348,119.28085311748762,116.75844911949125,119.1313018798828,26395600
2016-05-09 00:00:00-04:00,119.18115967732132,119.91893617796828,118.5430814703036,118.8820571899414,21138100
2016-05-10 00:00:00-04:00,119.2609195269053,120.13827514648438,118.6427779454908,120.13827514648438,23220000
2016-05-11 00:00:00-04:00,120.04854441000212,120.71653130887272,119.06151081812746,119.16120910644533,22038400
2016-05-12 00:00:00-04:00,119.61984279846376,120.47725421963052,118.543082958172,119.91893768310548,22035500
2016-05-13 00:00:00-04:00,120.01863655106496,120.27785820418607,119.32074087707626,119.45034790039062,18124300
2016-05-16 00:00:00-04:00,119.02163424031713,119.25094715749609,116.99772924972754,118.3137664794922,31247800
2016-05-17 00:00:00-04:00,118.46332260104238,118.65275468797309,116.84818282258908,116.99773406982422,21328600
<<<<<<< HEAD
2016-05-18 00:00:00-04:00,116.44938992526532,117.91497085359867,116.37960035724944,117.29683685302734,21642300
2016-05-19 00:00:00-04:00,116.69864326187114,117.13731730087414,115.53214957784785,116.45935821533205,20544100
2016-05-20 00:00:00-04:00,116.60890539090826,117.63581229196797,116.59893327936128,116.99773406982422,18944800
2016-05-23 00:00:00-04:00,117.06752388886288,117.24698386463164,115.591970849424,115.62187957763672,20441000
2016-05-24 00:00:00-04:00,115.89106329538578,117.3765960215746,115.77142838505644,117.3466796875,20183600
2016-05-25 00:00:00-04:00,117.7753949926345,118.31377493508198,117.02764634031732,117.53611755371094,20019800
2016-05-26 00:00:00-04:00,117.88505524103174,119.4004966387228,117.56601614780602,119.11136627197266,18481300
2016-05-27 00:00:00-04:00,119.20109693498596,119.49022731261138,118.65275251382792,119.02163696289062,13493600
2016-05-31 00:00:00-04:00,119.10139656295148,119.7394747622713,117.76542271015444,118.4533462524414,23547600
2016-06-01 00:00:00-04:00,118.14428076095086,118.72254151344023,117.4663217147718,118.4234390258789,15029500
2016-06-02 00:00:00-04:00,118.33372060502704,119.08146926648304,117.86513022680911,118.572998046875,13228300
2016-06-03 00:00:00-04:00,118.62284344062208,118.62284344062208,117.50620277233853,118.11437225341795,14135100
2016-06-06 00:00:00-04:00,118.2639227853146,119.07148884928168,118.0047011376059,118.43341064453124,12744700
2016-06-07 00:00:00-04:00,118.8820624661964,118.94188753022289,117.3167756066206,117.40650939941406,17103000
2016-06-08 00:00:00-04:00,117.40650844451294,118.24398326914674,116.91797385698403,118.03461456298828,14505600
2016-06-09 00:00:00-04:00,117.77539204165352,118.32374408221034,117.35665463240603,118.2041015625,13859200
2016-06-10 00:00:00-04:00,117.1871644587452,117.75545310481051,115.91100803294889,116.26992797851562,18510800
2016-06-13 00:00:00-04:00,114.65478411591484,115.13334656168992,112.9698548543948,113.6079330444336,31718200
=======
2016-05-18 00:00:00-04:00,116.44939749953896,117.9149785231988,116.37960792698372,117.29684448242188,21642300
2016-05-19 00:00:00-04:00,116.69863561680076,117.13730962706568,115.5321420091959,116.4593505859375,20544100
2016-05-20 00:00:00-04:00,116.60890539090826,117.63581229196797,116.59893327936128,116.99773406982422,18944800
2016-05-23 00:00:00-04:00,117.06752388886288,117.24698386463164,115.591970849424,115.62187957763672,20441000
2016-05-24 00:00:00-04:00,115.89106329538578,117.3765960215746,115.77142838505644,117.3466796875,20183600
2016-05-25 00:00:00-04:00,117.77538734770822,118.31376725520887,117.0276387439282,117.5361099243164,20019800
2016-05-26 00:00:00-04:00,117.88505524103174,119.4004966387228,117.56601614780602,119.11136627197266,18481300
2016-05-27 00:00:00-04:00,119.20110457588405,119.49023497204298,118.65276011957664,119.02164459228516,13493600
2016-05-31 00:00:00-04:00,119.10140423408592,119.73948247450336,117.7654302952409,118.45335388183594,23547600
2016-06-01 00:00:00-04:00,118.14428076095086,118.72254151344023,117.4663217147718,118.4234390258789,15029500
2016-06-02 00:00:00-04:00,118.33371299102843,119.08146160437173,117.86512264296124,118.57299041748048,13228300
2016-06-03 00:00:00-04:00,118.62284344062208,118.62284344062208,117.50620277233853,118.11437225341795,14135100
2016-06-06 00:00:00-04:00,118.2639227853146,119.07148884928168,118.0047011376059,118.43341064453124,12744700
2016-06-07 00:00:00-04:00,118.8820547409164,118.9418798010553,117.31676798305725,117.40650177001952,17103000
2016-06-08 00:00:00-04:00,117.40650085571724,118.24397562621924,116.91796629976572,118.03460693359376,14505600
2016-06-09 00:00:00-04:00,117.77538443992972,118.32373644509356,117.35664705770932,118.20409393310548,13859200
2016-06-10 00:00:00-04:00,117.18715676916348,117.75544537793886,115.91100042710592,116.2699203491211,18510800
2016-06-13 00:00:00-04:00,114.65479181561116,115.13335429352432,112.96986244093893,113.60794067382812,31718200
>>>>>>> e449bea2185155843b42d9ec49e68bf9bed44428
2016-06-14 00:00:00-04:00,113.7275795674146,114.60493520802954,113.23905259986137,114.594970703125,17618500
2016-06-15 00:00:00-04:00,114.9538923595205,115.0934714951847,113.72758126019362,114.25598907470705,19819400
2016-06-16 00:00:00-04:00,113.5281799193042,114.15628600351916,112.60097135318188,114.04661560058594,19236300
2016-06-17 00:00:00-04:00,114.07653172227845,114.086503834053,112.2221144698246,112.68073272705078,24644300
2016-06-20 00:00:00-04:00,113.4284791594071,114.37563199069248,112.41154436653989,113.0296859741211,20785400
2016-06-21 00:00:00-04:00,113.77743755547166,114.86416194458197,113.6278863038667,114.03665161132812,19166300
2016-06-22 00:00:00-04:00,114.30583832272092,114.39556450424426,113.26895934388448,113.56806182861328,14846300
2016-06-23 00:00:00-04:00,114.02668269279954,114.7445149810343,113.1991723915729,114.73455047607422,16176900
2016-06-24 00:00:00-04:00,110.67677301450232,113.33875639984495,110.66680090262106,111.74356079101562,40643100
2016-06-27 00:00:00-04:00,111.23508463007724,111.23508463007724,107.90511442011366,108.64289093017578,36130400
2016-06-28 00:00:00-04:00,110.29790836181596,112.4115472886404,110.21815428658104,112.3616943359375,26813800
2016-06-29 00:00:00-04:00,113.02968468495554,113.90704033166746,112.70067346500394,113.81731414794922,20968300
<<<<<<< HEAD
2016-06-30 00:00:00-04:00,114.32577170946864,114.83424287654866,113.32877359718972,113.93694305419922,23192700
2016-07-01 00:00:00-04:00,113.8571858793541,114.78439446467698,113.46835720871796,113.84722137451172,14980000
=======
2016-06-30 00:00:00-04:00,114.32577936489976,114.83425056602778,113.32878118586028,113.93695068359376,23192700
2016-07-01 00:00:00-04:00,113.8571782492918,114.7843867724784,113.46834960471276,113.8472137451172,14980000
>>>>>>> e449bea2185155843b42d9ec49e68bf9bed44428
2016-07-05 00:00:00-04:00,113.59797132218074,113.85718536376952,112.6308819023909,113.85718536376952,14207000
2016-07-06 00:00:00-04:00,113.0197079561822,116.4394118260954,112.63087929630362,116.34967803955078,24337600
2016-07-07 00:00:00-04:00,116.279892761018,116.61887609108132,115.01370844360144,115.50223541259766,16630200
2016-07-08 00:00:00-04:00,116.08049545223408,117.14728317346898,115.5022346969686,116.8880615234375,18142600
2016-07-11 00:00:00-04:00,117.35665096178197,118.34367699742003,117.14728226370674,117.51617431640624,17711600
<<<<<<< HEAD
2016-07-12 00:00:00-04:00,118.2738844119653,118.3636181982737,117.21706883728172,117.57598876953124,15217700
2016-07-13 00:00:00-04:00,118.03461873251204,118.04459084453636,116.32975268800456,116.42945098876952,16207700
2016-07-14 00:00:00-04:00,117.14728832560844,117.28686746488124,116.34968672419872,116.93791961669922,14579700
2016-07-15 00:00:00-04:00,117.38656434495395,117.92494427842593,116.2300504040269,116.50920867919922,16646000
=======
2016-07-12 00:00:00-04:00,118.27389208664565,118.36362587877676,117.21707644338628,117.57599639892578,15217700
2016-07-13 00:00:00-04:00,118.034610997934,118.04458310930488,116.32974506514304,116.429443359375,16207700
2016-07-14 00:00:00-04:00,117.14728068255404,117.28685981272024,116.34967913318236,116.93791198730467,14579700
2016-07-15 00:00:00-04:00,117.3865566581074,117.92493655632452,116.23004279291254,116.50920104980467,16646000
>>>>>>> e449bea2185155843b42d9ec49e68bf9bed44428
2016-07-18 00:00:00-04:00,116.96782370516377,119.25095040196584,116.5391141925504,119.0116729736328,20868400
2016-07-19 00:00:00-04:00,118.63280794867492,120.48722511947682,118.30380433952664,120.2479476928711,21541300
2016-07-20 00:00:00-04:00,120.88602915915588,121.83317438625949,120.19809798182204,121.55401611328124,20046500
2016-07-21 00:00:00-04:00,121.55401283760546,121.7334728091828,119.8890277497164,120.2479476928711,17801700
2016-07-22 00:00:00-04:00,119.54007574837136,120.64674426674937,118.95184290397158,120.63677215576172,18422400
2016-07-25 00:00:00-04:00,121.02560751721563,121.48422576365756,117.42644350698356,121.26488494873048,18487400
2016-07-26 00:00:00-04:00,121.63377459035276,121.70356415675964,120.38752689987784,120.85611724853516,17612000
2016-07-27 00:00:00-04:00,122.0525129686882,124.62477004803785,121.14524859811448,122.9697494506836,52654200
2016-07-28 00:00:00-04:00,127.1372031570496,127.94477684631012,123.25888088837172,124.62477111816406,78955800
2016-07-29 00:00:00-04:00,124.27582280153472,125.46224544559392,123.33864209225924,123.56795501708984,35058800
<<<<<<< HEAD
2016-08-01 00:00:00-04:00,123.47822561261204,124.2060376458455,122.49119952391912,123.93684387207033,25006900
2016-08-02 00:00:00-04:00,123.68758654205762,124.42537064070794,121.70356237764273,122.72049713134766,23968400
2016-08-03 00:00:00-04:00,122.72050322875896,123.54801354981068,121.94284585967132,122.14225006103516,18525300
2016-08-04 00:00:00-04:00,122.57095874518068,124.41540385781371,122.14224922330447,123.9866943359375,21066000
2016-08-05 00:00:00-04:00,124.60483464640618,125.46224607472227,124.24591469664948,124.77432250976562,20184000
=======
2016-08-01 00:00:00-04:00,123.47821801144948,124.20602999987976,122.4911919835166,123.93683624267578,25006900
2016-08-02 00:00:00-04:00,123.68758654205762,124.42537064070794,121.70356237764273,122.72049713134766,23968400
2016-08-03 00:00:00-04:00,122.72050322875896,123.54801354981068,121.94284585967132,122.14225006103516,18525300
2016-08-04 00:00:00-04:00,122.570951202902,124.41539620203898,122.142241707406,123.98668670654295,21066000
2016-08-05 00:00:00-04:00,124.60484226543728,125.46225374618028,124.24592229373424,124.77433013916016,20184000
>>>>>>> e449bea2185155843b42d9ec49e68bf9bed44428
2016-08-08 00:00:00-04:00,124.87401531567733,125.07341189833508,124.17611966988312,124.8839874267578,15233900
2016-08-09 00:00:00-04:00,124.96373618835555,125.71148475130116,124.15617017445165,124.68457794189452,19621000
2016-08-10 00:00:00-04:00,124.69455903679716,125.10333193177556,124.16615123128248,124.505126953125,10670100
2016-08-11 00:00:00-04:00,124.82416507089576,125.00362504177228,124.37551894695054,124.52507019042967,11729500
2016-08-12 00:00:00-04:00,124.32566698082827,124.62476947015357,123.80723128668905,124.505126953125,12159000
2016-08-15 00:00:00-04:00,124.53504646470404,124.54501096984148,123.3286719717397,123.528076171875,19295100
<<<<<<< HEAD
2016-08-16 00:00:00-04:00,123.12927482761468,123.54801223628806,122.41143492332178,122.92987823486328,14222400
2016-08-17 00:00:00-04:00,123.28879057618558,124.00662282967303,122.48121693046272,123.99665832519533,13794200
2016-08-18 00:00:00-04:00,123.63774608695093,123.88699563125608,123.268854023042,123.53804779052734,12400800
2016-08-19 00:00:00-04:00,123.22896775217276,123.78729187922448,122.90992865378269,123.1890869140625,11688300
2016-08-22 00:00:00-04:00,122.95979026856506,124.45528757388014,122.74044944674668,123.77732849121094,14386400
2016-08-23 00:00:00-04:00,124.13623745280331,124.71449057868278,123.87701581303476,123.99665832519533,13309500
=======
2016-08-16 00:00:00-04:00,123.129267185845,123.54800456853027,122.41142732610338,122.92987060546876,14222400
2016-08-17 00:00:00-04:00,123.2887981620257,124.0066304596807,122.4812244666136,123.99666595458984,13794200
2016-08-18 00:00:00-04:00,123.63774608695093,123.88699563125608,123.268854023042,123.53804779052734,12400800
2016-08-19 00:00:00-04:00,123.22896775217276,123.78729187922448,122.90992865378269,123.1890869140625,11688300
2016-08-22 00:00:00-04:00,122.959782689562,124.45527990269754,122.74044188126337,123.7773208618164,14386400
2016-08-23 00:00:00-04:00,124.13624509078602,124.71449825224484,123.8770234350678,123.99666595458984,13309500
>>>>>>> e449bea2185155843b42d9ec49e68bf9bed44428
2016-08-24 00:00:00-04:00,124.09636290729686,124.31570372079948,122.72050057041388,123.10933685302734,12243700
2016-08-25 00:00:00-04:00,122.75041171551548,123.99665937001086,122.730467493408,123.51809692382812,10730800
2016-08-26 00:00:00-04:00,123.67762030622676,124.81419755889677,123.5380411774071,124.58488464355467,17504800
2016-08-29 00:00:00-04:00,123.97672020675758,126.34958070589596,123.97672020675758,126.16014862060548,15925900
2016-08-30 00:00:00-04:00,126.21996284171622,126.21996284171622,124.77431858315693,125.46224212646484,17804300
<<<<<<< HEAD
2016-08-31 00:00:00-04:00,125.22296600459458,125.84110759536853,124.72446693004882,125.7414093017578,14200600
2016-09-01 00:00:00-04:00,126.00062083058448,126.2498703628857,125.22296350684331,125.79125213623048,13536100
2016-09-02 00:00:00-04:00,126.46921712281625,126.47918923439556,125.62177019439063,126.13024139404295,12118800
2016-09-06 00:00:00-04:00,126.28976402088816,129.5499524939755,126.09036741740265,129.340576171875,26278400
2016-09-07 00:00:00-04:00,129.64962315869565,131.58380186094948,129.5598969829375,130.65660095214844,27990800
=======
2016-08-31 00:00:00-04:00,125.22295840665674,125.84109995992476,124.72445936235756,125.74140167236328,14200600
2016-09-01 00:00:00-04:00,126.00062083058448,126.2498703628857,125.22296350684331,125.79125213623048,13536100
2016-09-02 00:00:00-04:00,126.46921712281625,126.47918923439556,125.62177019439063,126.13024139404295,12118800
2016-09-06 00:00:00-04:00,126.28974912201475,129.54993721048552,126.0903525420528,129.34056091308594,26278400
2016-09-07 00:00:00-04:00,129.64963829988437,131.58381722802213,129.5599121136475,130.6566162109375,27990800
>>>>>>> e449bea2185155843b42d9ec49e68bf9bed44428
2016-09-08 00:00:00-04:00,130.5269947325174,130.6865180861183,129.42032618801068,129.8789520263672,15676600
2016-09-09 00:00:00-04:00,129.32064118862556,129.55991101656448,126.71846771240234,126.71846771240234,27100700
2016-09-12 00:00:00-04:00,125.5818873543281,128.37347763917754,125.37251865345132,128.30369567871094,21252800
2016-09-13 00:00:00-04:00,127.64567080091965,127.96471750833642,126.27978821562932,126.82813262939452,18016200
2016-09-14 00:00:00-04:00,126.50909607759328,128.41336621677385,126.50909607759328,127.3864517211914,15691100
<<<<<<< HEAD
2016-09-15 00:00:00-04:00,127.59583722448174,128.71247798393918,127.2867625997923,127.96472930908205,15077200
2016-09-16 00:00:00-04:00,127.81517258892772,128.79222661415042,127.81517258892772,128.6825714111328,24119200
2016-09-19 00:00:00-04:00,129.52003664165176,129.5499453698806,127.87498052414192,128.26380920410156,14958800
2016-09-20 00:00:00-04:00,128.26382497993973,128.7822683546469,127.64569090320326,128.2538604736328,11083800
2016-09-21 00:00:00-04:00,128.74236078568512,129.6197087093261,128.00457676507136,129.5499267578125,14068300
2016-09-22 00:00:00-04:00,130.1082668429967,130.33757217243274,129.17108608836412,129.6895294189453,15538300
2016-09-23 00:00:00-04:00,127.17708878351496,128.2139754375178,126.9178747265069,127.57588958740234,28326300
=======
2016-09-15 00:00:00-04:00,127.59582961708094,128.71247030996307,127.28675501081888,127.9647216796875,15077200
2016-09-16 00:00:00-04:00,127.81515743299218,128.79221134235877,127.81515743299218,128.68255615234375,24119200
2016-09-19 00:00:00-04:00,129.52002123341674,129.5499299580875,127.87496531160954,128.2637939453125,14958800
2016-09-20 00:00:00-04:00,128.26380971996514,128.78225303299138,127.64567571677016,128.25384521484375,11083800
2016-09-21 00:00:00-04:00,128.7423759493566,129.6197239763343,128.00459184184436,129.54994201660156,14068300
2016-09-22 00:00:00-04:00,130.10825153494056,130.33755683739736,129.1710708905732,129.68951416015625,15538300
2016-09-23 00:00:00-04:00,127.1770811779698,128.21396776996394,126.91786713646349,127.5758819580078,28326300
>>>>>>> e449bea2185155843b42d9ec49e68bf9bed44428
2016-09-26 00:00:00-04:00,126.98765861925754,127.77528807993588,126.41936997123553,126.9278335571289,15064900
2016-09-27 00:00:00-04:00,127.22693584006548,128.62272717924407,127.04747586695792,128.30369567871094,15637100
2016-09-28 00:00:00-04:00,128.8221425227989,129.081356574919,128.01456121187726,128.84207153320312,12047600
2016-09-29 00:00:00-04:00,128.79221445089976,128.901884856546,127.1671178019407,127.70549011230467,14532200
2016-09-30 00:00:00-04:00,127.64567132831203,128.2039878556139,127.06741057846816,127.88495635986328,18402900
2016-10-03 00:00:00-04:00,127.99462470723437,128.70248485976373,127.41636396668432,128.38345336914062,13156900
<<<<<<< HEAD
2016-10-04 00:00:00-04:00,128.78225262269,128.89192303061566,127.1671204450438,127.8051986694336,14307500
2016-10-05 00:00:00-04:00,127.8650097809704,128.41336179338816,127.44627239321068,128.0843505859375,12386800
2016-10-06 00:00:00-04:00,128.0444639399768,128.67257763693027,127.69552371843488,128.35354614257812,11682700
2016-10-07 00:00:00-04:00,128.65263619965305,128.86201250749838,127.94477602352542,128.60279846191406,12804400
2016-10-10 00:00:00-04:00,129.2907130557491,130.30765543047687,128.81215820240027,129.8490447998047,15138700
2016-10-11 00:00:00-04:00,129.83907199405212,130.24784490927067,127.84507558379812,128.49313354492188,17537900
2016-10-12 00:00:00-04:00,128.62272447019714,129.27078238851146,128.0743876639876,128.66261291503906,11073000
=======
2016-10-04 00:00:00-04:00,128.78224493496975,128.8919153363486,127.16711285373968,127.80519104003906,14307500
2016-10-05 00:00:00-04:00,127.86502501362922,128.41337709137258,127.446287575985,128.08436584472656,12386800
2016-10-06 00:00:00-04:00,128.0444639399768,128.67257763693027,127.69552371843488,128.35354614257812,11682700
2016-10-07 00:00:00-04:00,128.65263619965305,128.86201250749838,127.94477602352542,128.60279846191406,12804400
2016-10-10 00:00:00-04:00,129.2907130557491,130.30765543047687,128.81215820240027,129.8490447998047,15138700
2016-10-11 00:00:00-04:00,129.83905657543048,130.2478294421065,127.84506040196712,128.4931182861328,17537900
2016-10-12 00:00:00-04:00,128.6227092161387,129.27076705759634,128.07437247495932,128.66259765625,11073000
>>>>>>> e449bea2185155843b42d9ec49e68bf9bed44428
2016-10-13 00:00:00-04:00,127.82513845834694,127.86501169030724,126.3695144775551,127.4363021850586,17139300
2016-10-14 00:00:00-04:00,128.10430137118558,128.56291201380583,127.1970293780659,127.49612426757812,13345300
2016-10-17 00:00:00-04:00,127.81515745075473,128.0843512059691,126.93780183313127,127.15714263916016,11351700
2016-10-18 00:00:00-04:00,128.29370669891958,129.0015820353182,127.62571980532331,128.18405151367188,13504000
2016-10-19 00:00:00-04:00,128.35353887906734,130.07834130566889,128.21395975575248,129.71942138671875,16752300
2016-10-20 00:00:00-04:00,129.6795536408273,130.2677788844583,129.11125740638147,129.60975646972656,13167500
2016-10-21 00:00:00-04:00,129.39041917545882,131.73337092194382,129.3106574976014,131.67355346679688,19088800
2016-10-24 00:00:00-04:00,132.3215816007935,133.00951268514797,131.75328541355017,132.87989807128906,17470200
2016-10-25 00:00:00-04:00,133.09925779926704,133.09925779926704,131.8231013385301,131.89288330078125,13336800
2016-10-26 00:00:00-04:00,131.24484196592627,131.86297597954066,130.54694627104146,130.64663696289062,13084700
2016-10-27 00:00:00-04:00,131.344554402924,131.40437186360543,128.8819675182987,129.3007049560547,16741400
2016-10-28 00:00:00-04:00,130.10825221713853,132.5708387443407,129.53995599717632,130.8958740234375,24545500
2016-10-31 00:00:00-04:00,131.61371360692257,131.72338400636076,130.48711609958525,130.59678649902344,15669000
<<<<<<< HEAD
2016-11-01 00:00:00-04:00,131.01553730576023,131.54394513549838,128.26381253340358,129.11126708984375,22077800
2016-11-02 00:00:00-04:00,129.83905789716331,129.83905789716331,125.90091845708052,126.78824615478516,39640900
2016-11-03 00:00:00-04:00,121.63377443949382,122.9099308559186,119.14127906163534,119.63977813720705,63766300
2016-11-04 00:00:00-04:00,119.2310059525065,121.56398559541888,118.89203023022006,120.38752746582033,30545500
2016-11-07 00:00:00-05:00,122.4612842396322,122.84014079721088,120.98572363499795,121.7833251953125,23008900
=======
2016-11-01 00:00:00-04:00,131.01552182191833,131.54392958920752,128.26379737476944,129.1112518310547,22077800
2016-11-02 00:00:00-04:00,129.8390657101383,129.8390657101383,125.90092603308072,126.78825378417967,39640900
2016-11-03 00:00:00-04:00,121.63377443949382,122.9099308559186,119.14127906163534,119.63977813720705,63766300
2016-11-04 00:00:00-04:00,119.23101350860806,121.56399329936984,118.8920377648395,120.38753509521484,30545500
2016-11-07 00:00:00-05:00,122.46129191149902,122.84014849281203,120.98573121442492,121.78333282470705,23008900
>>>>>>> e449bea2185155843b42d9ec49e68bf9bed44428
2016-11-08 00:00:00-05:00,121.66368612482418,124.23594324286786,121.17515914870488,123.84711456298828,19460800
2016-11-09 00:00:00-05:00,121.13528437642088,123.43834784283317,120.14825826317173,122.81024169921876,31916000
2016-11-10 00:00:00-05:00,123.55797935854068,123.80722889266131,114.92397184548568,120.4373779296875,67846700
2016-11-11 00:00:00-05:00,119.17119092685124,120.33767696884392,117.795336180385,118.6627197265625,32840100
2016-11-14 00:00:00-05:00,118.7723884741756,118.7723884741756,113.20914450302531,114.73455047607422,51377000
2016-11-15 00:00:00-05:00,116.37959232818773,118.1343035190981,115.48229251096544,116.84817504882812,34681400
2016-11-16 00:00:00-05:00,114.13635124725816,117.52613886281006,113.8671574878574,115.99076080322266,32397900
<<<<<<< HEAD
2016-11-17 00:00:00-05:00,116.4593550619628,117.43641662597656,115.66176108124024,117.43641662597656,18597800
2016-11-18 00:00:00-05:00,118.03461430948352,118.7723908352896,116.48926408280929,116.6687240600586,22879300
=======
2016-11-17 00:00:00-05:00,116.4593474960442,117.43640899658205,115.66175356713828,117.43640899658205,18597800
2016-11-18 00:00:00-05:00,118.03460659076843,118.7723830683286,116.4892564651503,116.66871643066406,22879300
>>>>>>> e449bea2185155843b42d9ec49e68bf9bed44428
2016-11-21 00:00:00-05:00,117.84517412671045,121.58391705720877,117.4463809659842,121.40445709228516,35415400
2016-11-22 00:00:00-05:00,122.0325781751379,122.61083894235644,120.5370809122232,121.1053695678711,26089200
2016-11-23 00:00:00-05:00,120.86609306422058,120.9458471379212,119.5799644954537,120.47725677490234,15672100
2016-11-25 00:00:00-05:00,120.64675233470182,120.77635936024052,119.70957160798235,120.01863861083984,8658600
<<<<<<< HEAD
2016-11-28 00:00:00-05:00,119.75941547329847,121.32470219862498,119.46031299829671,120.04854583740234,18101300
2016-11-29 00:00:00-05:00,120.20807674751052,121.73348282821745,120.03858887331928,120.5071792602539,18891000
2016-11-30 00:00:00-05:00,119.95881983904304,121.42440837000017,117.59593143132722,118.06452178955078,30188900
2016-12-01 00:00:00-05:00,118.02463881434204,118.09442838091093,113.6577896351194,114.75448608398438,43277000
2016-12-02 00:00:00-05:00,114.76445848880785,116.13034870256853,113.9568924155182,115.0535888671875,25070400
2016-12-05 00:00:00-05:00,115.60193116776276,117.21707089118644,114.72457554383072,117.0774917602539,20201500
2016-12-06 00:00:00-05:00,117.33671175082291,117.44638215307872,115.98079369247117,116.95784759521484,19131200
2016-12-07 00:00:00-05:00,116.64878678070072,117.59593200683594,116.22007726006753,117.59593200683594,21913700
2016-12-08 00:00:00-05:00,117.62584621687937,119.14128007262008,117.28686288723816,118.55305480957033,22442800
2016-12-09 00:00:00-05:00,118.8621215066064,119.5799613967578,118.59292774455348,119.32073974609376,17464700
2016-12-12 00:00:00-05:00,118.86211760349772,118.88205421912848,117.2968308525088,117.41646575927734,17805500
2016-12-13 00:00:00-05:00,117.5061950124208,121.15520405143064,117.25694549094638,119.94883728027344,29768000
2016-12-14 00:00:00-05:00,119.63977528795871,121.3247045573416,118.4932259201507,119.8491439819336,25913100
2016-12-15 00:00:00-05:00,119.71954187500717,122.1322756167347,119.2708881353768,120.20806884765624,20139600
2016-12-16 00:00:00-05:00,120.53706915686266,121.13526648239096,118.91195742149566,119.51016235351562,25324300
=======
2016-11-28 00:00:00-05:00,119.75942308431804,121.32470990912252,119.46032059030752,120.04855346679688,18101300
2016-11-29 00:00:00-05:00,120.2080691370524,121.73347512118478,120.03858127359156,120.50717163085938,18891000
2016-11-30 00:00:00-05:00,119.95881208723792,121.4244005234879,117.59592383221326,118.06451416015624,30188900
2016-12-01 00:00:00-05:00,118.02463881434204,118.09442838091093,113.6577896351194,114.75448608398438,43277000
2016-12-02 00:00:00-05:00,114.76445848880785,116.13034870256853,113.9568924155182,115.0535888671875,25070400
2016-12-05 00:00:00-05:00,115.60193116776276,117.21707089118644,114.72457554383072,117.0774917602539,20201500
2016-12-06 00:00:00-05:00,117.33671940493151,117.44638981434134,115.98080125813053,116.95785522460938,19131200
2016-12-07 00:00:00-05:00,116.64878678070072,117.59593200683594,116.22007726006753,117.59593200683594,21913700
2016-12-08 00:00:00-05:00,117.62584621687937,119.14128007262008,117.28686288723816,118.55305480957033,22442800
2016-12-09 00:00:00-05:00,118.8621215066064,119.5799613967578,118.59292774455348,119.32073974609376,17464700
2016-12-12 00:00:00-05:00,118.86212532682669,118.88206194375284,117.29683847412976,117.41647338867188,17805500
2016-12-13 00:00:00-05:00,117.50620996047935,121.15521946368258,117.2569604072977,119.9488525390625,29768000
2016-12-14 00:00:00-05:00,119.6397829040252,121.32471228066782,118.49323346322976,119.84915161132812,25913100
2016-12-15 00:00:00-05:00,119.71954187500717,122.1322756167347,119.2708881353768,120.20806884765624,20139600
2016-12-16 00:00:00-05:00,120.53707685181377,121.1352742155303,118.91196501270146,119.51016998291016,25324300
>>>>>>> e449bea2185155843b42d9ec49e68bf9bed44428
2016-12-19 00:00:00-05:00,119.4902266695196,119.99869785546856,118.15425280060504,118.8820571899414,15918100
2016-12-20 00:00:00-05:00,119.14127869015034,119.41046484326316,118.44338302912293,118.73250579833984,13684400
2016-12-21 00:00:00-05:00,118.5630204452365,118.84217871554908,118.12434642324206,118.6826629638672,10767600
2016-12-22 00:00:00-05:00,118.50320092242931,118.63280794381622,116.57899418534238,117.0475845336914,16258600
2016-12-23 00:00:00-05:00,116.6487825985522,117.20709912392076,115.95088694184147,116.91796875,10890000
2016-12-27 00:00:00-05:00,116.60891054829612,118.32374869858606,116.509212247894,117.65576171875,12051500
2016-12-28 00:00:00-05:00,117.83521505614492,117.89503251171392,116.29983697577144,116.56902313232422,12087400
<<<<<<< HEAD
2016-12-29 00:00:00-05:00,116.64878273615206,117.17719053492664,115.71160204761316,116.000732421875,9934900
2016-12-30 00:00:00-05:00,116.2499781270187,116.47929103921916,114.42546975981035,114.7046356201172,18684100
2017-01-03 00:00:00-05:00,115.68169835887235,117.4862626423023,115.16326264876558,116.50920867919922,20663900
=======
2016-12-29 00:00:00-05:00,116.648790408169,117.1771982416971,115.71160965799152,116.00074005126952,9934900
2016-12-30 00:00:00-05:00,116.2499858591992,116.47929878665204,114.42547737063664,114.70464324951172,18684100
2017-01-03 00:00:00-05:00,115.68169078366584,117.48625494892715,115.16325510750788,116.50920104980467,20663900
>>>>>>> e449bea2185155843b42d9ec49e68bf9bed44428
2017-01-04 00:00:00-05:00,117.19713246448298,119.3007991136674,116.93791082254532,118.33370971679688,19630900
2017-01-05 00:00:00-05:00,118.50320548536352,120.58692805158348,117.96482554992332,120.30776977539062,19492200
2017-01-06 00:00:00-05:00,120.61684486540108,123.50813354300897,119.6696920171394,123.03955078125,28545300
2017-01-09 00:00:00-05:00,123.1791242121018,125.05347799176276,122.6706530268696,124.52507019042967,22880400
2017-01-10 00:00:00-05:00,124.44531308102388,125.12327215072176,123.9069331486321,123.97672271728516,17324600
<<<<<<< HEAD
2017-01-11 00:00:00-05:00,123.97671977580391,125.74141078007872,123.68758939638906,125.71149444580078,18356500
2017-01-12 00:00:00-05:00,125.23294363564642,126.34958435018294,124.42537753336568,126.23991394042967,18653900
2017-01-13 00:00:00-05:00,127.10728034445086,128.88194327797933,126.9876454455891,127.95472717285156,24884300
2017-01-17 00:00:00-05:00,127.6556405372198,127.95474303443471,127.01756991571342,127.48616027832033,15294500
2017-01-18 00:00:00-05:00,128.02453768905931,128.044466698959,126.45924327180784,127.53600311279295,13145900
2017-01-19 00:00:00-05:00,127.84507335262872,127.96472347998584,127.06741598324028,127.16712188720705,12195500
2017-01-20 00:00:00-05:00,127.71546114608412,128.09431007466,126.39941636781477,126.65863800048828,19097200
2017-01-23 00:00:00-05:00,126.92782149063542,128.86200017492044,126.56890157795384,128.54295349121094,16593600
2017-01-24 00:00:00-05:00,128.99162339440375,129.5100514705315,127.99462526079544,128.9816436767578,15162700
2017-01-25 00:00:00-05:00,129.60974380715157,131.34452585478255,129.38043852005097,131.08529663085938,18731300
2017-01-26 00:00:00-05:00,131.2348669426285,132.74032862186445,131.04543486641668,132.38140869140625,20020100
2017-01-27 00:00:00-05:00,132.28171749744476,132.55091127845483,130.6865294615379,131.78321838378906,19539500
2017-01-30 00:00:00-05:00,131.18502752656497,131.18502752656497,129.21097531190395,130.58682250976562,18956100
2017-01-31 00:00:00-05:00,129.77925888545064,130.2677934990111,129.13121611559268,129.92881774902344,19790500
2017-02-01 00:00:00-05:00,131.85300891235627,133.08929212854932,130.28771447218477,132.83006286621094,50139800
=======
2017-01-11 00:00:00-05:00,123.97671225169238,125.74140314886856,123.68758188982476,125.71148681640624,18356500
2017-01-12 00:00:00-05:00,125.23293606710882,126.3495767141604,124.42537001363388,126.23990631103516,18653900
2017-01-13 00:00:00-05:00,127.10728792331577,128.8819509626598,126.98765301732068,127.9547348022461,24884300
2017-01-17 00:00:00-05:00,127.6556405372198,127.95474303443471,127.01756991571342,127.48616027832033,15294500
2017-01-18 00:00:00-05:00,128.02453768905931,128.044466698959,126.45924327180784,127.53600311279295,13145900
2017-01-19 00:00:00-05:00,127.84507335262872,127.96472347998584,127.06741598324028,127.16712188720705,12195500
2017-01-20 00:00:00-05:00,127.71547653219056,128.09432550640702,126.39943159537496,126.65865325927734,19097200
2017-01-23 00:00:00-05:00,126.927836557699,128.86201547158217,126.56891660241156,128.54296875,16593600
2017-01-24 00:00:00-05:00,128.9916081344341,129.51003614923073,127.99461011877264,128.98162841796875,15162700
2017-01-25 00:00:00-05:00,129.60975889418108,131.34454114374682,129.38045358038855,131.08531188964844,18731300
2017-01-26 00:00:00-05:00,131.23488206926277,132.740343922024,131.04544997121627,132.3814239501953,20020100
2017-01-27 00:00:00-05:00,132.28171749744476,132.55091127845483,130.6865294615379,131.78321838378906,19539500
2017-01-30 00:00:00-05:00,131.18502752656497,131.18502752656497,129.21097531190395,130.58682250976562,18956100
2017-01-31 00:00:00-05:00,129.77924364422572,130.26777820041286,129.13120095047364,129.92880249023438,19790500
2017-02-01 00:00:00-05:00,131.85302405890675,133.08930741711723,130.2877294389228,132.830078125,50139800
>>>>>>> e449bea2185155843b42d9ec49e68bf9bed44428
2017-02-02 00:00:00-05:00,132.82009558735714,135.08328566158988,130.00855348461187,130.44723510742188,54366400
2017-02-03 00:00:00-05:00,130.84605178310525,132.45121952476512,130.36748168447156,130.58682250976562,24804900
2017-02-06 00:00:00-05:00,130.58682951731052,131.66358947753906,129.90887799401085,131.66358947753906,17058500
2017-02-07 00:00:00-05:00,131.84303750369753,132.6007506018912,131.2647767657402,131.44422912597656,14596400
<<<<<<< HEAD
2017-02-08 00:00:00-05:00,132.2019617344195,134.03643469261374,132.04243837814576,133.79714965820312,22390600
2017-02-09 00:00:00-05:00,134.08630595174066,134.09627045799914,132.90984005481334,133.7373504638672,16470600
=======
2017-02-08 00:00:00-05:00,132.20194665755238,134.0364194065356,132.04242331947137,133.79713439941406,22390600
2017-02-09 00:00:00-05:00,134.08629065313744,134.09625515825903,132.90982489043924,133.73733520507812,16470600
>>>>>>> e449bea2185155843b42d9ec49e68bf9bed44428
2017-02-10 00:00:00-05:00,133.69745948556474,134.53493428975275,133.2787068704861,133.7871856689453,15061900
2017-02-13 00:00:00-05:00,134.29564094601534,134.29564094601534,133.29864284661957,133.64759826660156,13526200
2017-02-14 00:00:00-05:00,133.6974612134122,133.8270606311975,132.15211100117514,133.44821166992188,14364900
2017-02-15 00:00:00-05:00,133.04939321524935,133.29864273989875,132.2617714110701,133.0394287109375,13226500
2017-02-16 00:00:00-05:00,132.67055477856988,133.4681411501604,132.62070182709925,133.438232421875,12831100
2017-02-17 00:00:00-05:00,133.09925692107734,133.68748219567956,132.77024569638837,133.12916564941406,12276500
2017-02-21 00:00:00-05:00,133.09926268965938,133.50803561195764,132.50105767102846,133.318603515625,14759100
2017-02-22 00:00:00-05:00,133.19895568141638,136.37936692355728,133.05937655233492,135.7113800048828,27360100
2017-02-23 00:00:00-05:00,135.48208213501448,135.7113874568859,133.926767407565,134.95367431640625,18422500
2017-02-24 00:00:00-05:00,133.75727559058222,135.21288437178512,133.75727559058222,135.03343200683594,12625700
2017-02-27 00:00:00-05:00,134.8539618195614,136.7681964069027,134.61469200425887,136.00051879882812,14306700
2017-02-28 00:00:00-05:00,136.3793653182622,136.3993095401774,134.34549585944623,135.13311767578125,16112100
<<<<<<< HEAD
2017-03-01 00:00:00-05:00,136.06034680940618,137.06730952389648,135.8908589394218,137.0074920654297,16257000
2017-03-02 00:00:00-05:00,136.6784679907535,137.4062875683529,135.90081067777064,136.34945678710938,12294800
2017-03-03 00:00:00-05:00,136.21986741780023,136.91776310743444,135.6715153713073,136.75823974609375,11160600
2017-03-06 00:00:00-05:00,136.46911972624312,137.41626498226665,136.1002200440556,137.0074920654297,12748200
2017-03-07 00:00:00-05:00,136.61865414249132,137.95462800127635,136.57878091053573,136.88784790039062,13527100
2017-03-08 00:00:00-05:00,136.73829856607736,137.57578862526356,136.6386078727594,137.3065948486328,10184500
=======
2017-03-01 00:00:00-05:00,136.06033165610253,137.06729425844543,135.89084380499435,137.00747680664062,16257000
2017-03-02 00:00:00-05:00,136.6784679907535,137.4062875683529,135.90081067777064,136.34945678710938,12294800
2017-03-03 00:00:00-05:00,136.21986741780023,136.91776310743444,135.6715153713073,136.75823974609375,11160600
2017-03-06 00:00:00-05:00,136.46910452741363,137.41624967795173,136.1002048863112,137.00747680664062,12748200
2017-03-07 00:00:00-05:00,136.61866937127354,137.9546433789786,136.57879613487333,136.8878631591797,13527100
2017-03-08 00:00:00-05:00,136.7382833704427,137.5757733365592,136.6385926882033,137.30657958984375,10184500
>>>>>>> e449bea2185155843b42d9ec49e68bf9bed44428
2017-03-09 00:00:00-05:00,137.30658417671168,138.1540386754671,136.9875374717266,137.8250274658203,15535300
2017-03-10 00:00:00-05:00,138.49303270504424,139.0712935245647,137.8051014678046,138.37338256835938,16314100
2017-03-13 00:00:00-04:00,138.29361103376684,139.2606851800602,138.25372259110483,139.18093872070312,10955500
<<<<<<< HEAD
2017-03-14 00:00:00-04:00,139.0413735709715,139.0413735709715,138.10419284301307,138.90179443359375,12944000
2017-03-15 00:00:00-04:00,138.87186577002646,139.67944705130708,138.07427941955115,139.3005828857422,19344800
=======
2017-03-14 00:00:00-04:00,139.04138884509376,139.04138884509376,138.10420801418311,138.9018096923828,12944000
2017-03-15 00:00:00-04:00,138.87188098185445,139.6794623515964,138.07429454401267,139.30059814453125,19344800
>>>>>>> e449bea2185155843b42d9ec49e68bf9bed44428
2017-03-16 00:00:00-04:00,139.77913953753242,139.82899248832484,139.31054918345612,139.5697784423828,13612900
2017-03-17 00:00:00-04:00,139.9187108460651,139.9187108460651,139.28063266537112,139.4202117919922,20592800
2017-03-20 00:00:00-04:00,139.29062265636475,139.76917752393587,138.83199679907815,139.51992797851562,12099500
2017-03-21 00:00:00-04:00,140.7262822613146,141.88280376210815,137.9845373590624,138.09420776367188,29894800
2017-03-22 00:00:00-04:00,137.51595407255573,139.37037132833902,137.18695805482298,139.1709747314453,17055400
<<<<<<< HEAD
2017-03-23 00:00:00-04:00,139.06130732477382,139.9685793551692,138.67247862788804,139.1111602783203,13022800
2017-03-24 00:00:00-04:00,139.65950238887427,140.59668308201458,139.3404556793012,139.91871643066406,16664700
2017-03-27 00:00:00-04:00,138.63258141461262,140.22776916129413,138.35342317861878,139.89877319335938,12800500
2017-03-28 00:00:00-04:00,139.9386660219905,141.5238894869144,139.5897105716304,141.33445739746094,14679400
2017-03-29 00:00:00-04:00,141.56376406368767,142.43114753253346,141.00543235521798,142.22177124023438,16527600
2017-03-30 00:00:00-04:00,141.97253370969693,142.5208857472882,141.42419688509045,141.98251342773438,12404000
2017-03-31 00:00:00-04:00,141.88281024460625,142.20185696822324,141.46407282959774,141.62359619140625,11478300
2017-04-03 00:00:00-04:00,141.5039345906083,142.042322089814,140.3972812918737,141.85289001464844,13564000
2017-04-04 00:00:00-04:00,141.4341648046359,141.66347013026095,140.8459395196484,141.30455017089844,12948600
2017-04-05 00:00:00-04:00,141.83295201751517,143.0094177508676,140.86586259037264,141.4241943359375,17158100
2017-04-06 00:00:00-04:00,141.68339644088212,141.7930668371825,140.48700179859495,140.7462158203125,15103400
2017-04-07 00:00:00-04:00,140.77612873403226,141.1250841543661,139.81901907691812,140.35739135742188,11818300
2017-04-10 00:00:00-04:00,140.5767496895284,141.00545162393715,140.2078652145269,140.6166229248047,9039400
2017-04-11 00:00:00-04:00,140.37733266068963,140.6066379593793,138.39330100546445,139.49996948242188,16638100
2017-04-12 00:00:00-04:00,139.3005898818292,139.97854135637883,139.02143160254582,139.1610107421875,11612500
2017-04-13 00:00:00-04:00,139.20087819307832,140.1580031201305,138.91175542047043,138.97157287597656,10965600
2017-04-17 00:00:00-04:00,139.3404627379035,141.12509803239053,139.3304982325937,140.9954833984375,11519700
2017-04-18 00:00:00-04:00,140.8459475176407,141.4840257912981,140.1879250192792,140.53688049316406,14807500
2017-04-19 00:00:00-04:00,140.9257047456234,142.61061896166512,140.84594306231602,141.8429412841797,15563900
2017-04-20 00:00:00-04:00,142.52089259524627,143.81699332465132,142.26167853455945,143.36834716796875,15968200
2017-04-21 00:00:00-04:00,143.4680285554876,143.73722231722877,141.8429319061245,143.24868774414062,12382000
2017-04-24 00:00:00-04:00,144.5248616046266,145.23272178697454,143.9067123935941,145.0333251953125,14407200
2017-04-25 00:00:00-04:00,145.35236677130618,146.7082849867426,145.35236677130618,146.05027770996094,17767500
2017-04-26 00:00:00-04:00,146.64844867599498,147.14694773210726,145.65145056377042,146.1200408935547,12395000
2017-04-27 00:00:00-04:00,146.2297154467406,147.30647526407674,145.7013076492957,147.25662231445312,11275100
2017-04-28 00:00:00-04:00,149.0512168744638,151.07512181297798,148.622514991037,149.79896545410156,30652200
2017-05-01 00:00:00-04:00,151.28450994386856,152.1120202622946,150.96546322269873,152.00234985351562,25218300
2017-05-02 00:00:00-04:00,152.87969716156047,152.97940306468365,151.2047475225822,152.32138061523438,21870400
2017-05-03 00:00:00-04:00,153.1389296369536,153.1389296369536,150.88570396817576,151.34432983398438,29782500
2017-05-04 00:00:00-04:00,149.7192195847726,151.06517325539625,148.27357522079726,150.39718627929688,36225500
2017-05-05 00:00:00-04:00,150.99536065820382,151.17482822868564,149.34034014513108,149.78900146484375,17148500
2017-05-08 00:00:00-04:00,150.25759664339728,150.62648108770586,149.29050722881894,150.60653686523438,15827500
2017-05-09 00:00:00-04:00,151.03526774624538,152.13195667440831,149.75911122544645,150.02828979492188,17453900
=======
2017-03-23 00:00:00-04:00,139.061292071453,139.96856400233176,138.67246341721696,139.11114501953125,13022800
2017-03-24 00:00:00-04:00,139.65950238887427,140.59668308201458,139.3404556793012,139.91871643066406,16664700
2017-03-27 00:00:00-04:00,138.6325965352979,140.22778445596686,138.3534382688562,139.89878845214844,12800500
2017-03-28 00:00:00-04:00,139.93865091389426,141.52387420767386,139.58969550120818,141.33444213867188,14679400
2017-03-29 00:00:00-04:00,141.56377925188002,142.43116281378624,141.00544748350762,142.22178649902344,16527600
2017-03-30 00:00:00-04:00,141.97253370969693,142.5208857472882,141.42419688509045,141.98251342773438,12404000
2017-03-31 00:00:00-04:00,141.882794957889,142.2018416471313,141.46405758799602,141.6235809326172,11478300
2017-04-03 00:00:00-04:00,141.5039345906083,142.042322089814,140.3972812918737,141.85289001464844,13564000
2017-04-04 00:00:00-04:00,141.4341495318504,141.66345483271385,140.84592431038246,141.30453491210938,12948600
2017-04-05 00:00:00-04:00,141.83295201751517,143.0094177508676,140.86586259037264,141.4241943359375,17158100
2017-04-06 00:00:00-04:00,141.68339644088212,141.7930668371825,140.48700179859495,140.7462158203125,15103400
2017-04-07 00:00:00-04:00,140.77612873403226,141.1250841543661,139.81901907691812,140.35739135742188,11818300
2017-04-10 00:00:00-04:00,140.57673443506613,141.00543632295498,140.20785000009352,140.61660766601562,9039400
2017-04-11 00:00:00-04:00,140.37734801544647,140.60665333921798,138.39331614320386,139.49998474121094,16638100
2017-04-12 00:00:00-04:00,139.3005746077355,139.9785260079488,139.0214163590614,139.16099548339844,11612500
2017-04-13 00:00:00-04:00,139.20087819307832,140.1580031201305,138.91175542047043,138.97157287597656,10965600
2017-04-17 00:00:00-04:00,139.3404627379035,141.12509803239053,139.3304982325937,140.9954833984375,11519700
2017-04-18 00:00:00-04:00,140.8459322252947,141.48401042967276,140.18790979837794,140.536865234375,14807500
2017-04-19 00:00:00-04:00,140.92568958550626,142.61060362029292,140.8459279107793,141.84292602539062,15563900
2017-04-20 00:00:00-04:00,142.52087742665236,143.81697801811254,142.26166339355387,143.3683319091797,15968200
2017-04-21 00:00:00-04:00,143.4680285554876,143.73722231722877,141.8429319061245,143.24868774414062,12382000
2017-04-24 00:00:00-04:00,144.5248616046266,145.23272178697454,143.9067123935941,145.0333251953125,14407200
2017-04-25 00:00:00-04:00,145.35235158543225,146.70826965920736,145.35235158543225,146.05026245117188,17767500
2017-04-26 00:00:00-04:00,146.64846398996377,147.14696309813252,145.65146577362628,146.12005615234375,12395000
2017-04-27 00:00:00-04:00,146.22973059912118,147.3064905280316,145.70132274692244,147.2566375732422,11275100
2017-04-28 00:00:00-04:00,149.05123205708583,151.07513720175862,148.62253012999074,149.79898071289062,30652200
2017-05-01 00:00:00-04:00,151.2845251305971,152.112035532093,150.96547837739973,152.0023651123047,25218300
2017-05-02 00:00:00-04:00,152.87969716156047,152.97940306468365,151.2047475225822,152.32138061523438,21870400
2017-05-03 00:00:00-04:00,153.13891419722998,153.13891419722998,150.88568875562612,151.3443145751953,29782500
2017-05-04 00:00:00-04:00,149.7192043947677,151.06515792883545,148.27356017746254,150.3971710205078,36225500
2017-05-05 00:00:00-04:00,150.99536065820382,151.17482822868564,149.34034014513108,149.78900146484375,17148500
2017-05-08 00:00:00-04:00,150.2576118668333,150.6264963485156,149.2905223542737,150.60655212402344,15827500
2017-05-09 00:00:00-04:00,151.03525238504054,152.13194120166355,149.75909599403445,150.0282745361328,17453900
>>>>>>> e449bea2185155843b42d9ec49e68bf9bed44428
2017-05-10 00:00:00-04:00,149.77903447113013,150.0681724667509,148.41315181308457,149.83885192871094,12080700
2017-05-11 00:00:00-04:00,149.85879337648765,150.19776910515702,148.9615011034253,149.589599609375,11841900
2017-05-12 00:00:00-04:00,149.9485203652512,150.00835303502973,149.18084271908677,149.8787384033203,9598200
2017-05-15 00:00:00-04:00,149.71920677881795,151.02527189000077,149.32041361355044,149.73915100097656,15064700
2017-05-16 00:00:00-04:00,149.6593945193884,149.75910042065772,148.5826346802153,149.33038330078125,14550800
2017-05-17 00:00:00-04:00,147.55572981462967,148.22371676593502,143.98647452463655,144.41519165039062,28300100
2017-05-18 00:00:00-04:00,144.28557409124025,147.7052704578752,144.0761977851474,147.2167510986328,23031600
2017-05-19 00:00:00-04:00,148.004383508933,148.94156427482906,147.51586411482782,147.6155548095703,16187900
2017-05-22 00:00:00-04:00,147.63549007024886,148.14395365762618,147.24666139449332,147.79501342773438,12586700
<<<<<<< HEAD
2017-05-23 00:00:00-04:00,148.07416490983076,148.36328767065964,146.80797303892572,147.62551879882812,12817800
=======
2017-05-23 00:00:00-04:00,148.07418021499254,148.3633030057056,146.80798821321207,147.6255340576172,12817800
>>>>>>> e449bea2185155843b42d9ec49e68bf9bed44428
2017-05-24 00:00:00-04:00,148.06419361737804,149.77903169686226,147.97446743266875,149.589599609375,17862400
2017-05-25 00:00:00-04:00,149.84882463858222,152.1319437030514,149.4998692017012,151.50384521484375,19891400
2017-05-26 00:00:00-04:00,151.7730152663582,151.7929594878311,150.69625550157616,151.67332458496094,14996200
2017-05-30 00:00:00-04:00,151.51381924572112,152.4410202791246,151.18480801074347,151.92259216308594,13226000
2017-05-31 00:00:00-04:00,152.24162388113507,152.88968184651915,150.63645615180877,151.00535583496094,18023900
2017-06-01 00:00:00-04:00,151.29447509583946,151.8328474238839,149.84883076519782,151.07513427734375,14530600
2017-06-02 00:00:00-04:00,151.39418389513426,153.16883948745792,150.84583183840834,153.14889526367188,16854400
2017-06-05 00:00:00-04:00,153.178787746531,154.24558301765086,152.94948244276068,153.1688232421875,12520400
2017-06-06 00:00:00-04:00,152.9494928286695,154.05616140529452,152.0222766203154,152.35128784179688,13457100
2017-06-07 00:00:00-04:00,152.80991346724696,153.28846832824576,151.8826972602655,152.6603546142578,12066700
2017-06-08 00:00:00-04:00,153.6174765084064,154.2655192195772,152.64042258275396,154.24559020996094,17799400
2017-06-09 00:00:00-04:00,154.30540313211714,155.12293367891817,146.1698948302324,149.1509246826172,35577700
2017-06-12 00:00:00-04:00,147.7252062784583,148.75211310182684,144.1260425380263,147.99440002441406,33170200
<<<<<<< HEAD
2017-06-13 00:00:00-04:00,149.6992837856344,150.72619078415963,148.45303595121192,150.22769165039062,20483400
2017-06-14 00:00:00-04:00,150.80592806467294,151.942505297203,148.60257076927786,149.79896545410156,20808800
2017-06-15 00:00:00-04:00,147.22673064336158,149.5896116420127,145.93062986791682,149.350341796875,18994200
2017-06-16 00:00:00-04:00,149.14093889210804,150.37722198595966,148.15392053083204,150.1877899169922,22882400
2017-06-19 00:00:00-04:00,151.25459600299814,153.10901317018386,151.25459600299814,152.41110229492188,19026500
2017-06-20 00:00:00-04:00,152.4210977762913,153.37820757983317,151.75311077238567,151.79298400878906,14743900
2017-06-21 00:00:00-04:00,151.90263267471855,153.61747064125754,151.42407784147025,153.44798278808594,15039800
2017-06-22 00:00:00-04:00,152.5506854799163,154.08607119069916,152.4509947900766,152.93951416015625,13005500
=======
2017-06-13 00:00:00-04:00,149.6992685805163,150.72617547473746,148.45302087267655,150.22767639160156,20483400
2017-06-14 00:00:00-04:00,150.805943426033,151.94252077433686,148.60258590620006,149.79898071289062,20808800
2017-06-15 00:00:00-04:00,147.22671560153708,149.58959635877795,145.93061495851202,149.35032653808594,18994200
2017-06-16 00:00:00-04:00,149.14095404453906,150.37723726399466,148.1539355829839,150.18780517578125,22882400
2017-06-19 00:00:00-04:00,151.25459600299814,153.10901317018386,151.25459600299814,152.41110229492188,19026500
2017-06-20 00:00:00-04:00,152.42108245436194,153.3781921616916,151.7530955176048,151.79296875,14743900
2017-06-21 00:00:00-04:00,151.90263267471855,153.61747064125754,151.42407784147025,153.44798278808594,15039800
2017-06-22 00:00:00-04:00,152.55067025992068,154.08605581751797,152.45097958002714,152.9394989013672,13005500
>>>>>>> e449bea2185155843b42d9ec49e68bf9bed44428
2017-06-23 00:00:00-04:00,152.26157078125172,154.73412213004454,152.19177360297422,154.60452270507812,18027000
2017-06-26 00:00:00-04:00,155.78095540348318,156.03020493212873,152.7401081114104,153.12893676757812,18049700
2017-06-27 00:00:00-04:00,152.38120117709752,152.8497915479525,149.93855863065292,150.12799072265625,19360800
2017-06-28 00:00:00-04:00,150.4669558175625,153.00930408935332,149.41014023479852,152.77999877929688,16719100
2017-06-29 00:00:00-04:00,151.82287680851587,152.04221761818414,148.47296242165487,150.5865936279297,23973500
2017-06-30 00:00:00-04:00,151.4440156639881,151.46395988698777,149.60954268562125,150.5267791748047,17666000
2017-07-03 00:00:00-04:00,151.26455304675704,151.69325492780183,147.35632231779033,147.9844207763672,13862700
2017-07-05 00:00:00-04:00,148.5527284855027,150.39718119954352,147.685344939011,149.88870239257812,14334300
2017-07-06 00:00:00-04:00,148.58263685438655,149.58959953480883,147.55572995082164,148.37327575683594,14951800
2017-07-07 00:00:00-04:00,148.80196902760085,151.5337493460548,148.742151574632,150.9853973388672,13615900
2017-07-10 00:00:00-04:00,151.23465088151806,153.51776993732463,151.0551833048651,153.03921508789062,13378700
2017-07-11 00:00:00-04:00,152.9096187329952,154.95346821480712,152.45100805127294,154.80392456054688,13667700
2017-07-12 00:00:00-04:00,156.0202501070498,158.6822334125741,155.73111211661202,158.42300415039062,22739400
2017-07-13 00:00:00-04:00,158.26349329718832,159.3003646892338,157.94444658395304,158.78192138671875,13929200
2017-07-14 00:00:00-04:00,159.6493152218303,159.83874730036663,158.85171367624878,159.4897918701172,16371200
2017-07-17 00:00:00-04:00,159.76896212432766,160.29736995518834,158.33328227708913,159.25051879882812,12858800
2017-07-18 00:00:00-04:00,159.1807331329125,163.23850781636622,158.94144809294323,162.37112426757812,23722900
<<<<<<< HEAD
2017-07-19 00:00:00-04:00,163.0989410075588,165.20260793571762,162.68020356570077,163.6472930908203,26273600
2017-07-20 00:00:00-04:00,164.30529605159893,164.50469263644018,162.3212642819154,164.03610229492188,18523100
2017-07-21 00:00:00-04:00,163.6672380490668,164.55456589214444,163.25846511125934,163.93641662597656,14744000
2017-07-24 00:00:00-04:00,164.1457756263027,165.67118158637328,163.81676440960334,165.50169372558594,17367000
2017-07-25 00:00:00-04:00,164.5146654826036,165.04307330506794,163.3681236518945,164.7838592529297,15383200
2017-07-26 00:00:00-04:00,165.51166244965682,165.51166244965682,163.60740748698294,165.1128692626953,35236900
2017-07-27 00:00:00-04:00,174.1755664493511,174.96320347405216,166.99718311334442,169.92835998535156,68910700
=======
2017-07-19 00:00:00-04:00,163.09892579989915,165.202592531908,162.680188397085,163.64727783203125,26273600
2017-07-20 00:00:00-04:00,164.30529605159893,164.50469263644018,162.3212642819154,164.03610229492188,18523100
2017-07-21 00:00:00-04:00,163.6672228153322,164.55455057581958,163.2584499155723,163.9364013671875,14744000
2017-07-24 00:00:00-04:00,164.1457756263027,165.67118158637328,163.81676440960334,165.50169372558594,17367000
2017-07-25 00:00:00-04:00,164.5146654826036,165.04307330506794,163.3681236518945,164.7838592529297,15383200
2017-07-26 00:00:00-04:00,165.51166244965682,165.51166244965682,163.60740748698294,165.1128692626953,35236900
2017-07-27 00:00:00-04:00,174.17558208951988,174.96321918494712,166.9971981089272,169.92837524414062,68910700
>>>>>>> e449bea2185155843b42d9ec49e68bf9bed44428
2017-07-28 00:00:00-04:00,168.56248388116327,172.90938119415338,168.54253965860354,171.9323272705078,24557600
2017-07-31 00:00:00-04:00,171.48368837703103,172.20152828960158,168.04404767020503,168.741943359375,25478900
2017-08-01 00:00:00-04:00,169.31022442601423,169.9582671049855,168.54253163036825,169.35009765625,14385000
2017-08-02 00:00:00-04:00,169.78879199678408,170.03804154016956,166.40896879699642,168.7917938232422,17433800
<<<<<<< HEAD
2017-08-03 00:00:00-04:00,168.79179875746487,169.19059195334546,167.74494760204672,168.08392333984375,10793800
2017-08-04 00:00:00-04:00,168.4627818602001,169.5495062134694,168.18362358987375,169.11082458496094,10777700
2017-08-07 00:00:00-04:00,169.43982492204947,171.54349153236583,169.1507021652784,171.46372985839844,12787800
2017-08-08 00:00:00-04:00,171.36404608141189,172.5305320858486,170.10781868203054,170.7159881591797,14393500
2017-08-09 00:00:00-04:00,169.46974294612852,170.93533145809891,169.05100554456337,170.6661376953125,10815000
=======
2017-08-03 00:00:00-04:00,168.79178343441433,169.19057659409216,167.74493237403013,168.0839080810547,10793800
2017-08-04 00:00:00-04:00,168.4627818602001,169.5495062134694,168.18362358987375,169.11082458496094,10777700
2017-08-07 00:00:00-04:00,169.4398400007285,171.54350679825302,169.15071721822798,171.4637451171875,12787800
2017-08-08 00:00:00-04:00,171.36403076469867,172.53051666487352,170.10780347760036,170.71597290039062,14393500
2017-08-09 00:00:00-04:00,169.46975809795123,170.93534674095582,169.05102065894792,170.66615295410156,10815000
>>>>>>> e449bea2185155843b42d9ec49e68bf9bed44428
2017-08-10 00:00:00-04:00,169.54949479883135,170.0779025758738,166.3491394105541,166.89747619628906,20832700
2017-08-11 00:00:00-04:00,167.44584008129328,168.31323883647,166.34915121899022,167.57545471191406,13791200
2017-08-14 00:00:00-04:00,169.5794195559334,170.56645324693565,168.78181795630397,170.23744201660156,12954200
2017-08-15 00:00:00-04:00,170.97521363421922,170.98517813877754,169.49964545844858,170.48667907714844,8729200
2017-08-16 00:00:00-04:00,170.73593274284812,170.8655473701656,168.7319719432415,169.48968505859375,15779900
2017-08-17 00:00:00-04:00,168.83166428414498,169.3501075855093,166.3491486091004,166.40896606445312,17216000
2017-08-18 00:00:00-04:00,166.33917443237388,168.16368294633287,165.7110759172625,166.907470703125,15093600
2017-08-21 00:00:00-04:00,166.65821793078928,167.49569274338987,165.32224403264286,167.27635192871094,11907500
<<<<<<< HEAD
2017-08-22 00:00:00-04:00,167.7748497115895,169.36007314020054,166.6482369188483,169.13076782226562,11391000
2017-08-23 00:00:00-04:00,168.33316692180682,168.851610228457,167.6950887032315,168.2035675048828,9856500
2017-08-24 00:00:00-04:00,168.37305803312574,168.78181572633557,165.91047130378547,167.23648071289062,14030400
2017-08-25 00:00:00-04:00,167.35611020463855,167.87455350269897,165.68114540051428,165.82073974609375,12614500
2017-08-28 00:00:00-04:00,166.40894963049723,167.19657140316602,165.8306889308871,166.7379608154297,8553700
2017-08-29 00:00:00-04:00,164.75394953386012,167.92439644958606,164.5046999884231,167.54554748535156,11121000
2017-08-30 00:00:00-04:00,167.66516546750745,169.66912613377843,167.12679319744387,169.409912109375,11138300
2017-08-31 00:00:00-04:00,169.88848665665512,171.63323350112833,169.54951092084534,171.4537811279297,17226500
2017-09-01 00:00:00-04:00,171.88248055626963,172.40092387074046,170.79575618859718,171.50363159179688,11677600
2017-09-05 00:00:00-04:00,170.75588684543573,171.87251996698146,169.04104871564175,170.20753479003906,13210900
2017-09-06 00:00:00-04:00,170.39694435118133,171.96222341544086,169.06097058413522,171.57339477539062,13906300
2017-09-07 00:00:00-04:00,171.42387151347873,172.78975416794057,169.7588863589125,172.6900634765625,18049500
2017-09-08 00:00:00-04:00,172.57040401964096,172.96921240254912,170.28728497780585,170.43682861328125,10998500
2017-09-11 00:00:00-04:00,171.88248239816178,173.3680151824942,171.68308580214702,172.98915100097656,12372000
2017-09-12 00:00:00-04:00,173.23839752737297,173.47768256620782,171.23443667095512,172.44081115722656,11186300
2017-09-13 00:00:00-04:00,172.49064439165738,172.65016774671523,171.5434991921011,172.53053283691406,9119300
2017-09-14 00:00:00-04:00,171.74290864131927,171.76285286544126,169.9881972432253,170.4468231201172,15615700
2017-09-15 00:00:00-04:00,170.36705795983366,171.82266681833488,169.7489087285521,171.12477111816406,15660500
2017-09-18 00:00:00-04:00,171.47371632705503,171.55347800416286,168.83166211668106,169.49964904785156,12954000
2017-09-19 00:00:00-04:00,170.10781540432927,172.04199420301006,169.8486013682217,172.0021209716797,13168600
=======
2017-08-22 00:00:00-04:00,167.77486484804916,169.36008841967728,166.6482519536662,169.1307830810547,11391000
2017-08-23 00:00:00-04:00,168.33316692180682,168.851610228457,167.6950887032315,168.2035675048828,9856500
2017-08-24 00:00:00-04:00,168.37304267063448,168.78180032654893,165.91045616598257,167.23646545410156,14030400
2017-08-25 00:00:00-04:00,167.35612560471208,167.87456895047956,165.68116064645793,165.8207550048828,12614500
2017-08-28 00:00:00-04:00,166.4089648591773,167.1965867039242,165.83070410664848,166.73797607421875,8553700
2017-08-29 00:00:00-04:00,164.75394953386012,167.92439644958606,164.5046999884231,167.54554748535156,11121000
2017-08-30 00:00:00-04:00,167.6651805691468,169.66914141591496,167.12680825059192,169.40992736816406,11138300
2017-08-31 00:00:00-04:00,169.8884715371718,171.63321822636863,169.54949583152967,171.45376586914062,17226500
2017-09-01 00:00:00-04:00,171.88248055626963,172.40092387074046,170.79575618859718,171.50363159179688,11677600
2017-09-05 00:00:00-04:00,170.75588684543573,171.87251996698146,169.04104871564175,170.20753479003906,13210900
2017-09-06 00:00:00-04:00,170.3969595053434,171.9622387088102,169.06098561948318,171.5734100341797,13906300
2017-09-07 00:00:00-04:00,171.42387151347873,172.78975416794057,169.7588863589125,172.6900634765625,18049500
2017-09-08 00:00:00-04:00,172.57041946944378,172.96922788805625,170.28730022320664,170.4368438720703,10998500
2017-09-11 00:00:00-04:00,171.8824672369882,173.3679998902868,171.68307065856155,172.9891357421875,12372000
2017-09-12 00:00:00-04:00,173.23838219800777,173.477667215669,171.23442151891464,172.4407958984375,11186300
2017-09-13 00:00:00-04:00,172.49064439165738,172.65016774671523,171.5434991921011,172.53053283691406,9119300
2017-09-14 00:00:00-04:00,171.74289326650168,171.7628374888382,169.98818202549347,170.44680786132812,15615700
2017-09-15 00:00:00-04:00,170.36705795983366,171.82266681833488,169.7489087285521,171.12477111816406,15660500
2017-09-18 00:00:00-04:00,171.47373176355464,171.5534934478428,168.83167731533624,169.49966430664062,12954000
2017-09-19 00:00:00-04:00,170.10783049506918,172.04200946533638,169.84861643596597,172.00213623046875,13168600
>>>>>>> e449bea2185155843b42d9ec49e68bf9bed44428
2017-09-20 00:00:00-04:00,171.98217893595802,172.5305309548724,170.18757924359463,171.65316772460938,12264100
2017-09-21 00:00:00-04:00,171.17462002310688,171.75288079328408,169.49965516932036,170.5963592529297,11161400
2017-09-22 00:00:00-04:00,169.69904967573865,171.21447580207266,168.71201610111385,170.02804565429688,12097100
2017-09-25 00:00:00-04:00,168.7319769906028,168.79179444715885,161.07502307874591,162.38108825683594,41251600
2017-09-26 00:00:00-04:00,164.006194300567,165.00319244221177,162.29135627989922,163.71707153320312,23363300
<<<<<<< HEAD
2017-09-27 00:00:00-04:00,165.401995420665,167.83467346459372,165.07299940184166,167.17665100097656,19242500
2017-09-28 00:00:00-04:00,167.43588881709354,168.56250170961974,166.65823139784118,168.2235107421875,12178700
2017-09-29 00:00:00-04:00,168.32320136787484,171.14470798940977,168.3032571450167,170.35707092285156,15340400
2017-10-02 00:00:00-04:00,170.8754923331091,171.35404712949807,168.24341813349545,168.9612579345703,13392300
=======
2017-09-27 00:00:00-04:00,165.40198032385487,167.8346581457447,165.0729843350601,167.1766357421875,19242500
2017-09-28 00:00:00-04:00,167.43587362974608,168.56248642008234,166.65821628103149,168.22349548339844,12178700
2017-09-29 00:00:00-04:00,168.32320136787484,171.14470798940977,168.3032571450167,170.35707092285156,15340400
2017-10-02 00:00:00-04:00,170.87550776477147,171.35406260437847,168.24343332745684,168.96127319335938,13392300
>>>>>>> e449bea2185155843b42d9ec49e68bf9bed44428
2017-10-03 00:00:00-04:00,168.79179140654074,170.2174914720603,168.69208550542018,169.44981384277344,8190300
2017-10-04 00:00:00-04:00,169.32019977124784,170.15767457667266,167.78481408165104,167.9144287109375,12127900
2017-10-05 00:00:00-04:00,168.67215352988944,170.7957646314792,168.09390794295444,170.72598266601562,14580600
2017-10-06 00:00:00-04:00,169.7389301571284,171.85256130620178,169.24043109646138,171.71298217773438,13124500
<<<<<<< HEAD
2017-10-09 00:00:00-04:00,172.181589594617,174.35505362551498,171.48369388303894,171.98219299316406,14570400
=======
2017-10-09 00:00:00-04:00,172.18157431813685,174.35503815619842,171.48367866847826,171.982177734375,14570400
>>>>>>> e449bea2185155843b42d9ec49e68bf9bed44428
2017-10-10 00:00:00-04:00,172.480676409266,172.68007299257584,170.28728356688953,171.0749053955078,11341100
2017-10-11 00:00:00-04:00,171.4338290059648,172.26133929677627,170.88547698036874,172.22146606445312,11283700
2017-10-12 00:00:00-04:00,172.09186091530287,173.32814416719577,171.77281418720716,172.03204345703125,10351000
2017-10-13 00:00:00-04:00,172.92932210687107,174.12571681682172,172.68007257509035,173.2184600830078,13658300
<<<<<<< HEAD
2017-10-16 00:00:00-04:00,173.96623079578976,174.4746944285924,173.5375136358696,173.9961395263672,11498800
=======
2017-10-16 00:00:00-04:00,173.96621553962356,174.4746791278359,173.53749841730024,173.99612426757812,11498800
>>>>>>> e449bea2185155843b42d9ec49e68bf9bed44428
2017-10-17 00:00:00-04:00,174.18555328128008,175.6012888271051,173.83659784398483,175.5813446044922,15990100
2017-10-18 00:00:00-04:00,176.11972091224425,176.2094623095487,175.22242864307816,175.5015869140625,12752400
2017-10-19 00:00:00-04:00,174.4048799325524,175.50158398812445,172.11179634669466,174.03599548339844,14048400
2017-10-20 00:00:00-04:00,174.9731704560606,175.35203461067306,174.1057869578521,174.45472717285156,12602200
2017-10-23 00:00:00-04:00,174.67408560626998,174.81366474895398,170.73594566848453,170.75588989257812,13852700
2017-10-24 00:00:00-04:00,171.7827855777674,172.71996627988358,170.98518400918013,171.28428649902344,12267900
2017-10-25 00:00:00-04:00,171.38397605075394,171.7329314887551,168.38301709328525,170.087890625,15868200
2017-10-26 00:00:00-04:00,170.8655464581238,171.77280320555008,169.8785128207885,170.1177978515625,11833100
2017-10-27 00:00:00-04:00,173.62720976318775,177.67503475193834,173.37796024287712,177.3460235595703,30285300
2017-10-30 00:00:00-04:00,178.72187814356198,180.14759337093167,177.07683732496565,179.33004760742188,24353200
2017-10-31 00:00:00-04:00,180.0279489673196,180.25725426399467,178.4028372435738,179.51947021484375,20174200
2017-11-01 00:00:00-04:00,181.81257660047848,182.3509488880973,180.027956670888,182.11167907714844,40918300
2017-11-02 00:00:00-04:00,180.08779295775443,181.3938581890556,176.80766030176784,178.38291931152344,35529900
2017-11-03 00:00:00-04:00,178.75180378397124,179.32010007037675,176.1795617693547,178.38291931152344,17822100
2017-11-06 00:00:00-05:00,178.02399792297987,179.90832393114303,177.77474837050863,179.62916564941406,13312700
2017-11-07 00:00:00-05:00,179.95817288677836,180.2074224337129,178.42280237137467,179.70892333984375,12928200
2017-11-08 00:00:00-05:00,179.25030142233751,179.80863319865884,178.57234994199686,179.02099609375,10494100
2017-11-09 00:00:00-05:00,177.77474609333862,178.86147047707655,176.5584070758206,178.76177978515625,12610300
2017-11-10 00:00:00-05:00,177.81461549021952,178.56236405794462,177.42578684352182,177.92428588867188,11070200
2017-11-13 00:00:00-05:00,176.96717597863616,178.50254647369522,176.76777938632762,178.23336791992188,9523400
2017-11-14 00:00:00-05:00,177.59527887853153,178.43275364300354,176.64811850003878,177.53546142578125,9585900
2017-11-15 00:00:00-05:00,176.12969634450138,178.03396645686732,175.87046708990604,177.4158172607422,10253700
2017-11-16 00:00:00-05:00,178.22339298767545,179.29018836529914,177.9641789320122,179.0509033203125,15607600
<<<<<<< HEAD
2017-11-17 00:00:00-05:00,178.76176421884992,179.43971563161963,178.36295584694082,178.46266174316406,13018000
2017-11-20 00:00:00-05:00,178.33307538219643,178.9611891593794,177.5653976689576,178.20347595214844,10052400
2017-11-21 00:00:00-05:00,178.6122151929214,181.3439956419768,178.45270704837338,181.3140869140625,14504000
2017-11-22 00:00:00-05:00,180.75577401514383,181.18447593253703,179.8983549673724,180.3270568847656,10376300
2017-11-24 00:00:00-05:00,179.8584627431485,182.60020769480005,179.74879233656304,182.2313232421875,9426300
2017-11-27 00:00:00-05:00,182.011985200159,183.17847124451785,181.44370414864383,182.48057556152344,12344500
=======
2017-11-17 00:00:00-05:00,178.7617795032127,179.4397309739481,178.3629710972049,178.46267700195312,13018000
2017-11-20 00:00:00-05:00,178.3330601123103,178.96117383571064,177.56538246480437,178.20346069335938,10052400
2017-11-21 00:00:00-05:00,178.61220016151287,181.34398038067076,178.4526920303885,181.31407165527344,14504000
2017-11-22 00:00:00-05:00,180.75577401514383,181.18447593253703,179.8983549673724,180.3270568847656,10376300
2017-11-24 00:00:00-05:00,179.85847780325065,182.60022298447691,179.74880738748217,182.23133850097656,9426300
2017-11-27 00:00:00-05:00,182.01196998055283,183.1784559273717,181.44368897655664,182.4805603027344,12344500
>>>>>>> e449bea2185155843b42d9ec49e68bf9bed44428
2017-11-28 00:00:00-05:00,182.959130369962,183.69691449917053,181.5433947811982,181.87240600585935,14379700
2017-11-29 00:00:00-05:00,181.34399595426703,181.4237576331708,173.47768102658114,174.6042938232422,41933500
2017-11-30 00:00:00-05:00,176.31913630834543,177.74483642041346,174.6740801640534,176.64813232421875,25307600
2017-12-01 00:00:00-05:00,175.50158759756337,176.94723190928767,171.822661896282,174.5743865966797,20182500
<<<<<<< HEAD
2017-12-04 00:00:00-05:00,175.76081541925865,176.0399889261913,170.2773250249008,170.95529174804688,24459400
2017-12-05 00:00:00-05:00,169.9383273388323,174.8535360051161,168.50264760496452,172.31118774414062,20184900
2017-12-06 00:00:00-05:00,171.98219806473554,176.23938485037985,171.38399302975074,175.53150939941406,20255800
=======
2017-12-04 00:00:00-05:00,175.76079973154768,176.0399732135624,170.27730982662433,170.9552764892578,24459400
2017-12-05 00:00:00-05:00,169.9383273388323,174.8535360051161,168.50264760496452,172.31118774414062,20184900
2017-12-06 00:00:00-05:00,171.98216816423405,176.23935420973183,171.38396323325205,175.53147888183594,20255800
>>>>>>> e449bea2185155843b42d9ec49e68bf9bed44428
2017-12-07 00:00:00-05:00,175.27227491569496,179.8484926974429,175.27227491569496,179.5992431640625,20404500
2017-12-08 00:00:00-05:00,180.98508121963465,181.7328298662909,178.20346294778696,178.46267700195312,19883800
2017-12-11 00:00:00-05:00,178.76177748199373,179.67901398596285,178.26327838985932,178.50254821777344,13168600
2017-12-12 00:00:00-05:00,178.06387887711674,178.64212442708833,176.06988254126094,176.42880249023438,16854100
2017-12-13 00:00:00-05:00,176.76777237284213,178.62218951240638,176.71791942349677,177.7647705078125,14615700
<<<<<<< HEAD
2017-12-14 00:00:00-05:00,177.75478629133275,179.818579680721,177.1466168358737,177.8544921875,13591000
2017-12-15 00:00:00-05:00,178.48262328039726,179.94821186175582,177.82460081264745,179.63912963867188,28463100
2017-12-18 00:00:00-05:00,180.4666232838045,180.75576125636837,179.210411135827,180.27720642089844,17265400
2017-12-19 00:00:00-05:00,179.4098272823154,179.5394419195302,177.68502461523784,178.9711456298828,14920600
2017-12-20 00:00:00-05:00,179.27025288065826,179.27025288065826,176.8276102109975,177.35601806640625,11860500
2017-12-21 00:00:00-05:00,177.4058471755306,178.1436160449794,176.51851946090792,176.9173126220703,11600700
2017-12-22 00:00:00-05:00,176.60827335804848,176.997102075751,175.70100127908046,176.6680908203125,8509500
2017-12-26 00:00:00-05:00,176.09979392682604,176.46867838637118,174.14567079448392,175.4617156982422,8897300
2017-12-27 00:00:00-05:00,176.02001197004515,177.90433771028185,175.73087401101833,177.0867919921875,9496100
2017-12-28 00:00:00-05:00,177.41583402317335,178.40286775888234,177.14664023834618,177.38592529296875,12220800
2017-12-29 00:00:00-05:00,177.46568367993623,178.3131382546133,175.93031311035156,175.93031311035156,10261500
2018-01-02 00:00:00-05:00,177.1466182907994,181.03492007849988,177.01701888029817,180.8753967285156,18151900
2018-01-03 00:00:00-05:00,181.33402822012604,184.2253167672212,180.7856761955433,184.1156463623047,16886600
=======
2017-12-14 00:00:00-05:00,177.75480154156767,179.81859510801632,177.14663203393152,177.85450744628906,13591000
2017-12-15 00:00:00-05:00,178.48262328039726,179.94821186175582,177.82460081264745,179.63912963867188,28463100
2017-12-18 00:00:00-05:00,180.4666232838045,180.75576125636837,179.210411135827,180.27720642089844,17265400
2017-12-19 00:00:00-05:00,179.40981198612505,179.5394266122891,177.68500946610135,178.97113037109375,14920600
2017-12-20 00:00:00-05:00,179.27023745717838,179.27023745717838,176.8275949976699,177.3560028076172,11860500
2017-12-21 00:00:00-05:00,177.4058471755306,178.1436160449794,176.51851946090792,176.9173126220703,11600700
2017-12-22 00:00:00-05:00,176.60824285080318,176.99707150133958,175.700970928557,176.66806030273438,8509500
2017-12-26 00:00:00-05:00,176.0997786125474,176.46866304001298,174.1456556501429,175.46170043945312,8897300
2017-12-27 00:00:00-05:00,176.02002713691448,177.90435303951523,175.7308891529739,177.08680725097656,9496100
2017-12-28 00:00:00-05:00,177.41583402317335,178.40286775888234,177.14664023834618,177.38592529296875,12220800
2017-12-29 00:00:00-05:00,177.4656682879814,178.31312278915703,175.9302978515625,175.9302978515625,10261500
2018-01-02 00:00:00-05:00,177.14663323502583,181.03493535074645,177.0170338135915,180.8754119873047,18151900
2018-01-03 00:00:00-05:00,181.3340432483854,184.2253320350993,180.7856911783574,184.11566162109372,16886600
>>>>>>> e449bea2185155843b42d9ec49e68bf9bed44428
2018-01-04 00:00:00-05:00,184.3449534028168,185.6510337692268,183.5473670464851,183.77667236328125,13880900
2018-01-05 00:00:00-05:00,185.0328808854633,186.33894601290808,184.3748584628931,186.2891082763672,13574500
2018-01-08 00:00:00-05:00,186.6380533889892,188.33294722637996,185.77066985385645,187.71481323242188,17994700
2018-01-09 00:00:00-05:00,188.1335558574511,188.2332617618821,186.53836787745163,187.30604553222656,12393100
<<<<<<< HEAD
2018-01-10 00:00:00-05:00,186.37883082484868,187.32597599542845,185.07276572286156,187.276123046875,10529900
2018-01-11 00:00:00-05:00,187.83444308651093,187.83444308651093,186.8175159392485,187.2063446044922,9588600
2018-01-12 00:00:00-05:00,177.52549304910977,180.93522499055427,176.8674706008525,178.83155822753906,77551300
2018-01-16 00:00:00-05:00,180.95515691730205,181.20440644473635,177.50553676389845,177.8544921875,36183800
2018-01-17 00:00:00-05:00,178.7219000573337,178.78173273098716,175.27229464629414,177.06689453125,27992400
2018-01-18 00:00:00-05:00,177.5952992087487,180.4367350305486,176.5484480268285,179.26028442382812,23304900
=======
2018-01-10 00:00:00-05:00,186.3788460105286,187.32599125827943,185.07278080212657,187.2761383056641,10529900
2018-01-11 00:00:00-05:00,187.83444308651093,187.83444308651093,186.8175159392485,187.2063446044922,9588600
2018-01-12 00:00:00-05:00,177.5254779017606,180.93520955227,176.8674555096491,178.83154296875,77551300
2018-01-16 00:00:00-05:00,180.9551724421085,181.20442199092685,177.50555199274933,177.85450744628906,36183800
2018-01-17 00:00:00-05:00,178.72188465592407,178.78171732442144,175.27227954215522,177.06687927246094,27992400
2018-01-18 00:00:00-05:00,177.59528409168462,180.43671967161904,176.54843299887327,179.26026916503906,23304900
>>>>>>> e449bea2185155843b42d9ec49e68bf9bed44428
2018-01-19 00:00:00-05:00,180.3071221655374,181.82254840567555,179.62915551033075,180.74578857421875,26826500
2018-01-22 00:00:00-05:00,180.25726407630592,184.8334818197955,179.86843541600257,184.81353759765625,21059500
2018-01-23 00:00:00-05:00,185.4915190916837,188.98101280934995,184.99301998916,188.7816162109375,25678800
2018-01-24 00:00:00-05:00,189.3199756195064,190.087668444604,185.9600967660939,185.9900054931641,24334500
2018-01-25 00:00:00-05:00,187.38579615033464,188.05378307422723,186.03985779788863,186.91720581054688,17377700
2018-01-26 00:00:00-05:00,187.18639596637928,189.4296417236328,186.24921530482703,189.4296417236328,17759200
<<<<<<< HEAD
2018-01-29 00:00:00-05:00,188.1833962210744,188.2731224012689,185.07276693712467,185.4217071533203,20453200
2018-01-30 00:00:00-05:00,187.0567723486265,187.61508883172968,181.2941247419097,186.5582733154297,20858600
2018-01-31 00:00:00-05:00,187.8045324616656,189.2601564219366,184.66399444435385,186.3289794921875,43275100
2018-02-01 00:00:00-05:00,187.65499968159796,194.7336928834553,187.3259884548427,192.5103759765625,54211300
2018-02-02 00:00:00-05:00,191.46351248602687,193.6270117962816,189.40969879059867,189.70880126953125,26677500
2018-02-05 00:00:00-05:00,186.36887483611864,190.0378362924185,180.06785383169247,180.7158966064453,33128200
2018-02-06 00:00:00-05:00,178.0339654079589,185.21234898327788,177.20645512505772,184.75372314453125,37758500
2018-02-07 00:00:00-05:00,183.59721373758103,184.5244299808622,179.40982431069312,179.63912963867188,27601900
2018-02-08 00:00:00-05:00,180.46662649384115,181.29413676940493,170.96523550780262,171.06494140625,38478300
=======
2018-01-29 00:00:00-05:00,188.18341170712932,188.27313789470767,185.07278216719865,185.42172241210935,20453200
2018-01-30 00:00:00-05:00,187.05678764818836,187.61510417695675,181.2941395701388,186.55828857421875,20858600
2018-01-31 00:00:00-05:00,187.8045324616656,189.2601564219366,184.66399444435385,186.3289794921875,43275100
2018-02-01 00:00:00-05:00,187.6549848076565,194.73367744844128,187.32597360697943,192.51036071777344,54211300
2018-02-02 00:00:00-05:00,191.4635278859521,193.62702737022283,189.4097140253301,189.7088165283203,26677500
2018-02-05 00:00:00-05:00,186.36885910001905,190.0378202465293,180.0678386276211,180.71588134765625,33128200
2018-02-06 00:00:00-05:00,178.0339654079589,185.21234898327788,177.20645512505772,184.75372314453125,37758500
2018-02-07 00:00:00-05:00,183.59721373758103,184.5244299808622,179.40982431069312,179.63912963867188,27601900
2018-02-08 00:00:00-05:00,180.4666425912493,181.294152940626,170.96525075769804,171.06495666503906,38478300
>>>>>>> e449bea2185155843b42d9ec49e68bf9bed44428
2018-02-09 00:00:00-05:00,174.23539101833558,176.3689664483795,166.6781432244084,175.5813446044922,39887600
2018-02-12 00:00:00-05:00,176.52849010035183,177.01702467079036,171.32415853749967,175.8804473876953,32092100
2018-02-13 00:00:00-05:00,175.09282055736796,175.44177601563425,172.58039602459783,172.63023376464844,21809400
2018-02-14 00:00:00-05:00,172.92932363190263,179.27023238484298,172.6900538155929,178.98110961914062,28929700
2018-02-15 00:00:00-05:00,179.95817213008905,179.95817213008905,176.30915512719358,179.4197998046875,20922100
2018-02-16 00:00:00-05:00,178.4527027807915,179.34003051799348,175.77077534672478,176.8275909423828,20645300
2018-02-20 00:00:00-05:00,175.24237385056134,177.41582257443213,174.58435140255122,175.4816436767578,21204900
2018-02-21 00:00:00-05:00,176.1795361413481,180.72584491932,175.87045395986863,177.3759307861328,23200800
2018-02-22 00:00:00-05:00,178.16355978181446,179.6690366690187,176.87743890953132,178.45269775390625,18464200
<<<<<<< HEAD
2018-02-23 00:00:00-05:00,179.3599686086416,182.83949777448512,178.9711399223828,182.7397918701172,19007300
2018-02-26 00:00:00-05:00,184.02593767213773,185.10269760103495,182.67001945200624,184.3748779296875,17599700
2018-02-27 00:00:00-05:00,183.89631331717703,184.1455628649675,180.9152984619141,180.9152984619141,15849800
=======
2018-02-23 00:00:00-05:00,179.35995363206806,182.8394825073706,178.9711249782765,182.73977661132807,19007300
2018-02-26 00:00:00-05:00,184.02593767213773,185.10269760103495,182.67001945200624,184.3748779296875,17599700
2018-02-27 00:00:00-05:00,183.89629780696276,184.1455473337309,180.915283203125,180.915283203125,15849800
>>>>>>> e449bea2185155843b42d9ec49e68bf9bed44428
2018-02-28 00:00:00-05:00,181.75277764003445,182.33103843030204,177.6052614144509,177.78472900390625,18783000
2018-03-01 00:00:00-05:00,178.47262626372276,179.5792947747718,173.88644408373236,175.41184997558594,23201600
2018-03-02 00:00:00-05:00,172.7698074759673,176.57834781604515,172.4707201931213,176.08981323242188,20025900
2018-03-05 00:00:00-05:00,175.6710703016003,180.60620808223712,175.36200331038438,179.85845947265625,16189300
<<<<<<< HEAD
2018-03-06 00:00:00-05:00,181.2343222248172,181.8325271991358,178.57233899376976,179.24032592773438,15086800
=======
2018-03-06 00:00:00-05:00,181.23433765335585,181.83254267859985,178.57235419569287,179.24034118652344,15086800
>>>>>>> e449bea2185155843b42d9ec49e68bf9bed44428
2018-03-07 00:00:00-05:00,178.20345674203426,183.2682092245692,177.53546979984154,183.15853881835935,19097300
2018-03-08 00:00:00-05:00,183.0089719767805,183.846446744193,180.9053053407665,181.79263305664065,17225900
2018-03-09 00:00:00-05:00,183.3579357898272,184.95312372267443,182.66004011839505,184.6739654541016,18526300
2018-03-12 00:00:00-04:00,184.67395837763763,185.54135709095152,183.66699574836983,184.2053680419922,15301200
2018-03-13 00:00:00-04:00,185.05282902735047,185.43169319618525,180.5663373087753,181.3340301513672,18067500
2018-03-14 00:00:00-04:00,182.051876738647,183.69691767742992,181.30412809138477,183.63710021972656,16821700
2018-03-15 00:00:00-04:00,182.6899409849286,183.4476540794521,181.64308991633493,183.30807495117188,15614300
2018-03-16 00:00:00-04:00,183.93618830861124,184.77366307680683,182.8594285153666,184.5343780517578,24403400
<<<<<<< HEAD
2018-03-19 00:00:00-04:00,176.4786464062861,176.63816976985535,169.54951193921374,172.04200744628906,88140100
2018-03-20 00:00:00-04:00,166.96728171324753,169.68908240825837,161.46384765520574,167.64523315429688,129851800
2018-03-21 00:00:00-04:00,164.3052976595566,172.87947259551504,162.80980043913524,168.8815155029297,106598800
2018-03-22 00:00:00-04:00,165.63131805126238,169.7588900459938,163.22854870598294,164.39503479003906,73743000
2018-03-23 00:00:00-04:00,164.94338704009522,166.0999086200257,158.54266032859695,158.9115447998047,53609700
2018-03-26 00:00:00-04:00,160.3372571738211,160.6164154516464,148.5726754190941,159.57952880859375,126116600
2018-03-27 00:00:00-04:00,155.84079602600949,162.36117318406986,150.29748811885457,151.76307678222656,79117000
2018-03-28 00:00:00-04:00,151.19475543278435,155.41206833945304,150.34731617751962,152.57061767578125,60029200
2018-03-29 00:00:00-04:00,154.6842622831029,160.93544516129634,153.6772995931518,159.31033325195312,59434300
2018-04-02 00:00:00-04:00,157.3362718476405,158.72209863441665,153.6473818236233,154.9235382080078,36796000
2018-04-03 00:00:00-04:00,156.0800542750242,156.91752902081163,150.35727975284303,155.64137268066406,42543900
2018-04-04 00:00:00-04:00,151.57363809550307,155.09304059334465,150.05819654220755,154.63442993164062,49885600
2018-04-05 00:00:00-04:00,161.0750161524572,161.08499587011067,156.17975166165365,158.86167907714844,41449600
2018-04-06 00:00:00-04:00,157.25651143172882,160.93543698062993,156.33927497391625,156.7281036376953,41644800
2018-04-09 00:00:00-04:00,157.3462621616062,160.04811874605335,155.57159138166747,157.45591735839844,34915200
2018-04-10 00:00:00-04:00,157.45591334115127,165.48175163467738,156.53867685231754,164.54457092285156,57889300
2018-04-11 00:00:00-04:00,164.8636148275964,168.1437320500707,162.7599481208534,165.82073974609375,56144600
2018-04-12 00:00:00-04:00,166.47874713616133,166.94733748456926,162.6104046518155,163.37808227539062,38263000
2018-04-13 00:00:00-04:00,164.085955760006,165.20258880901335,163.2783897004214,164.02613830566406,19990600
2018-04-16 00:00:00-04:00,165.22254815450097,165.28236561431805,162.89954044936093,164.33522033691406,18119400
2018-04-17 00:00:00-04:00,165.3322103601662,168.492692771807,165.16272249477052,168.15371704101562,22743000
2018-04-18 00:00:00-04:00,166.37903894718673,167.6153067891255,165.2723705065262,165.860595703125,20969600
2018-04-19 00:00:00-04:00,165.70109230422597,167.82470326798116,164.70409413727756,167.59539794921875,22235000
2018-04-20 00:00:00-04:00,167.2863150204394,167.92439323602787,165.3122629179914,165.78085327148438,19119400
=======
2018-03-19 00:00:00-04:00,176.4786307540016,176.6381541034224,169.54949690148965,172.0419921875,88140100
2018-03-20 00:00:00-04:00,166.9672969103306,169.68909785307517,161.46386235137544,167.64524841308594,129851800
2018-03-21 00:00:00-04:00,164.3052976595566,172.87947259551504,162.80980043913524,168.8815155029297,106598800
2018-03-22 00:00:00-04:00,165.63131805126238,169.7588900459938,163.22854870598294,164.39503479003906,73743000
2018-03-23 00:00:00-04:00,164.94337120212478,166.0998926710053,158.54264510522842,158.91152954101562,53609700
2018-03-26 00:00:00-04:00,160.33724184257903,160.61640009371158,148.5726612127662,159.5795135498047,126116600
2018-03-27 00:00:00-04:00,155.84078035723232,162.36115685971123,150.2974730074209,151.7630615234375,79117000
2018-03-28 00:00:00-04:00,151.19475543278435,155.41206833945304,150.34731617751962,152.57061767578125,60029200
2018-03-29 00:00:00-04:00,154.6842474674002,160.9354297468536,153.67728487389627,159.31031799316406,59434300
2018-04-02 00:00:00-04:00,157.3362718476405,158.72209863441665,153.6473818236233,154.9235382080078,36796000
2018-04-03 00:00:00-04:00,156.0800695768208,156.9175444047127,150.3572944935895,155.64138793945312,42543900
2018-04-04 00:00:00-04:00,151.57363809550307,155.09304059334465,150.05819654220755,154.63442993164062,49885600
2018-04-05 00:00:00-04:00,161.0750161524572,161.08499587011067,156.17975166165365,158.86167907714844,41449600
2018-04-06 00:00:00-04:00,157.25651143172882,160.93543698062993,156.33927497391625,156.7281036376953,41644800
2018-04-09 00:00:00-04:00,157.34624691344362,160.04810323605838,155.57157630548525,157.45590209960938,34915200
2018-04-10 00:00:00-04:00,157.45591334115127,165.48175163467738,156.53867685231754,164.54457092285156,57889300
2018-04-11 00:00:00-04:00,164.863629998311,168.14374752262103,162.7599630979891,165.8207550048828,56144600
2018-04-12 00:00:00-04:00,166.47876268453876,166.94735307671095,162.61041983890686,163.3780975341797,38263000
2018-04-13 00:00:00-04:00,164.08597102435965,165.2026041772436,163.27840488964998,164.02615356445312,19990600
2018-04-16 00:00:00-04:00,165.2225328133221,165.28235026758503,162.89952532387704,164.335205078125,18119400
2018-04-17 00:00:00-04:00,165.3321953574094,168.49267748225824,165.16270750739358,168.15370178222656,22743000
2018-04-18 00:00:00-04:00,166.37905425367137,167.6153222093439,165.27238571119992,165.86061096191406,20969600
2018-04-19 00:00:00-04:00,165.70109230422597,167.82470326798116,164.70409413727756,167.59539794921875,22235000
2018-04-20 00:00:00-04:00,167.28629962308472,167.92437777994326,165.3122477023323,165.7808380126953,19119400
>>>>>>> e449bea2185155843b42d9ec49e68bf9bed44428
2018-04-23 00:00:00-04:00,166.76789368585793,167.94434426323843,164.59442969242988,165.34217834472656,23088100
2018-04-24 00:00:00-04:00,164.93340760782718,165.60140980012497,157.7151502586707,159.2106475830078,35079900
2018-04-25 00:00:00-04:00,159.65929373771186,160.57653027108037,155.72115382622118,159.2106475830078,41083600
2018-04-26 00:00:00-04:00,172.70002630607615,175.7408738038259,170.28729253115247,173.63720703125,77556900
2018-04-27 00:00:00-04:00,176.27924401607174,176.56838200466365,172.0818902393468,173.06890869140625,29804700
<<<<<<< HEAD
2018-04-30 00:00:00-04:00,173.26830841749123,175.19252283129094,171.19456557365444,171.4836883544922,20750500
2018-05-01 00:00:00-04:00,171.48368702403502,173.49762760802284,169.71899598514028,173.33810424804688,26025900
=======
2018-04-30 00:00:00-04:00,173.26829299990487,175.1925072424861,171.1945503405918,171.48367309570312,20750500
2018-05-01 00:00:00-04:00,171.48367192848855,173.49761233519106,169.71898104493786,173.3380889892578,26025900
>>>>>>> e449bea2185155843b42d9ec49e68bf9bed44428
2018-05-02 00:00:00-04:00,173.72692943466828,177.54543421422804,173.67707648405565,175.54147338867188,30424500
2018-05-03 00:00:00-04:00,174.60428816674346,175.5913065836089,171.60331404552662,173.49761962890625,24026100
2018-05-04 00:00:00-04:00,172.56044688350676,176.44873370174474,172.54050266026366,176.07984924316406,17677800
2018-05-07 00:00:00-04:00,176.8176265183386,178.961166437832,176.63815894207804,177.43576049804688,18697200
2018-05-08 00:00:00-04:00,177.7149323311246,178.50255422950966,176.5783549712991,178.38291931152344,15577200
2018-05-09 00:00:00-04:00,179.13064924087806,182.46061928911016,178.2433215283136,182.11167907714844,23282800
2018-05-10 00:00:00-04:00,182.6002077377081,185.5712732211813,181.9521650159957,184.9730682373047,21071400
<<<<<<< HEAD
2018-05-11 00:00:00-04:00,184.29510509187483,187.7546897200749,183.6271029766457,186.42868041992188,21207800
2018-05-14 00:00:00-04:00,187.1465378020956,187.29608144609156,185.64106079193897,186.07974243164065,15646700
2018-05-15 00:00:00-04:00,184.3250249102161,184.73378259443845,182.65006008865348,183.76670837402344,15429400
2018-05-16 00:00:00-04:00,183.14856929859843,183.76671853755775,182.11169784732107,182.6500701904297,16975500
=======
2018-05-11 00:00:00-04:00,184.2951201760353,187.75470508739505,183.6271180061316,186.4286956787109,21207800
2018-05-14 00:00:00-04:00,187.1465378020956,187.29608144609156,185.64106079193897,186.07974243164065,15646700
2018-05-15 00:00:00-04:00,184.3250249102161,184.73378259443845,182.65006008865348,183.76670837402344,15429400
2018-05-16 00:00:00-04:00,183.1485539981642,183.7667031854827,182.11168263350825,182.65005493164065,16975500
>>>>>>> e449bea2185155843b42d9ec49e68bf9bed44428
2018-05-17 00:00:00-04:00,182.1316293681854,183.50749179384675,181.67301870162208,183.20838928222656,14840700
2018-05-18 00:00:00-04:00,182.93920362844665,183.63709931987455,182.06184035180289,182.13162231445312,13130500
2018-05-21 00:00:00-04:00,183.21834788418047,184.7437537833498,182.58026969899188,183.93618774414065,13532900
2018-05-22 00:00:00-04:00,184.37485804725816,184.86339261072885,182.8793608427795,183.24826049804688,12731400
2018-05-23 00:00:00-04:00,181.95217271610863,186.34893845861163,181.6331259877433,186.3389587402344,16628100
2018-05-24 00:00:00-04:00,185.32201895288856,186.2392554152472,184.47456444951092,185.37185668945312,12354700
2018-05-25 00:00:00-04:00,185.4615873977986,185.7706543690155,183.8962931074636,184.3648834228516,10965100
2018-05-29 00:00:00-04:00,183.7866276028492,186.2492141469862,183.15852913955197,185.18243408203125,16398900
<<<<<<< HEAD
2018-05-30 00:00:00-04:00,185.98003088289477,187.43565489654927,184.69390994460508,187.1066436767578,13736900
=======
2018-05-30 00:00:00-04:00,185.98004604980707,187.43567018216964,184.69392500663255,187.10665893554688,13736900
>>>>>>> e449bea2185155843b42d9ec49e68bf9bed44428
2018-05-31 00:00:00-04:00,187.3060485396754,192.14149593549917,186.9172198469277,191.20431518554688,30782600
2018-06-01 00:00:00-04:00,192.49043263064152,193.96598557557456,191.49343451944657,193.4076690673828,17307200
2018-06-04 00:00:00-04:00,191.2641339786144,193.39770955091035,190.89524950709605,192.69981384277344,18939800
2018-06-05 00:00:00-04:00,193.71674267106505,194.4146383301662,192.0417778762379,192.3608245849609,15544300
<<<<<<< HEAD
2018-06-06 00:00:00-04:00,190.45654276924867,191.95203989524683,188.54230827352904,190.7656097412109,22558900
2018-06-07 00:00:00-04:00,190.1774049581255,190.396745777213,186.20935641706228,187.6151123046875,21503200
2018-06-08 00:00:00-04:00,186.96706943042605,188.9112128591273,185.8703653357817,188.5323638916016,12677100
=======
2018-06-06 00:00:00-04:00,190.4565580033164,191.95205524893504,188.54232335448265,190.765625,22558900
2018-06-07 00:00:00-04:00,190.1774049581255,190.396745777213,186.20935641706228,187.6151123046875,21503200
2018-06-08 00:00:00-04:00,186.96705429832343,188.9111975696762,185.8703502924404,188.5323486328125,12677100
>>>>>>> e449bea2185155843b42d9ec49e68bf9bed44428
2018-06-11 00:00:00-04:00,188.24321101172515,192.02184237385188,188.23324650728364,190.9650115966797,12928900
2018-06-12 00:00:00-04:00,191.59314340274705,192.69981201981835,190.98497388862705,191.82244873046875,11562700
2018-06-13 00:00:00-04:00,192.16143921121508,193.9161505726269,191.3339288767865,191.8324279785156,15853800
<<<<<<< HEAD
2018-06-14 00:00:00-04:00,192.52033809430483,196.687782826242,192.33090602231067,196.2191925048828,19120900
2018-06-15 00:00:00-04:00,195.2022522957276,196.4784238661478,194.0557105601036,195.2620849609375,21860900
2018-06-18 00:00:00-04:00,194.21524828968148,198.98089836772004,193.5472613353857,197.71470642089844,16826000
2018-06-19 00:00:00-04:00,195.6509233273092,197.3657613701893,193.20826567825236,196.8971710205078,19994000
2018-06-20 00:00:00-04:00,198.50234236443035,202.93898119246424,198.213204374938,201.3936309814453,28230900
=======
2018-06-14 00:00:00-04:00,192.5203530654562,196.68779812147048,192.33092097873103,196.21920776367188,19120900
2018-06-15 00:00:00-04:00,195.20226754984105,196.47843921998788,194.05572572462037,195.26210021972656,21860900
2018-06-18 00:00:00-04:00,194.21524828968148,198.98089836772004,193.5472613353857,197.71470642089844,16826000
2018-06-19 00:00:00-04:00,195.6509233273092,197.3657613701893,193.20826567825236,196.8971710205078,19994000
2018-06-20 00:00:00-04:00,198.5023273247027,202.9389658165902,198.21318935711716,201.39361572265625,28230900
>>>>>>> e449bea2185155843b42d9ec49e68bf9bed44428
2018-06-21 00:00:00-04:00,202.1513538837858,202.77946763139025,199.4893704583457,200.8951416015625,19045700
2018-06-22 00:00:00-04:00,200.55615391334985,201.63291375383744,198.71170122850825,201.1344146728516,17420200
2018-06-25 00:00:00-04:00,199.3996267017221,199.3996267017221,192.5303101703672,195.76058959960935,25275100
2018-06-26 00:00:00-04:00,197.0068423294032,198.50233956809907,195.6409445065647,198.4026336669922,17897600
2018-06-27 00:00:00-04:00,198.582091259698,200.14738571296115,195.2122477379783,195.2521209716797,18734400
<<<<<<< HEAD
2018-06-28 00:00:00-04:00,194.5940943199206,196.74761400497408,192.679859670868,195.6409454345703,18172400
2018-06-29 00:00:00-04:00,196.72767339232317,197.00683164470072,193.3777591508081,193.73667907714844,15811600
2018-07-02 00:00:00-04:00,192.78951967165963,196.85727378621,191.64297793029897,196.76754760742188,13961600
2018-07-03 00:00:00-04:00,193.96600276565397,194.81344210748296,191.94209763759997,192.1514587402344,13489500
2018-07-05 00:00:00-04:00,194.15542397078835,198.053675150586,193.4475485950848,197.85427856445312,19684200
2018-07-06 00:00:00-04:00,197.85426914062947,203.0286916937844,197.10652056850844,202.6199188232422,19740100
2018-07-09 00:00:00-04:00,204.3148288617969,205.18222761956133,201.51326642191304,204.1254119873047,18149400
2018-07-10 00:00:00-04:00,203.88612579153005,204.2948986923996,201.6528444137649,202.9290008544922,13190100
2018-07-11 00:00:00-04:00,201.61296009100724,203.88611457683,201.14436975978217,201.93199157714844,12927400
2018-07-12 00:00:00-04:00,202.81932956724813,206.45838200022305,202.58005974376545,206.29885864257807,15454700
2018-07-13 00:00:00-04:00,207.18618170738085,207.80431568801905,205.8302636240894,206.6976623535156,11486800
2018-07-16 00:00:00-04:00,206.8771344578189,208.09347352564592,206.2191119693907,206.60794067382807,11078200
2018-07-17 00:00:00-04:00,204.28491744828497,209.8282400117023,204.22509999260163,209.35964965820312,15349900
2018-07-18 00:00:00-04:00,209.19016271579756,210.35664874570531,207.8143003770928,208.7315368652344,15334900
2018-07-19 00:00:00-04:00,208.1433139620964,209.35965295677084,207.13633606561223,207.46534729003903,11350400
2018-07-20 00:00:00-04:00,208.22307483521757,210.8651139125209,207.87411938893905,209.30979919433597,16163900
2018-07-23 00:00:00-04:00,209.94787476732907,210.9847461620356,208.17321925611083,210.27688598632807,16732000
2018-07-24 00:00:00-04:00,214.4642706051424,215.55099492713904,211.9618107492356,214.0255889892578,28468700
2018-07-25 00:00:00-04:00,215.0724513674519,217.96374004137243,213.6268070304916,216.84710693359372,58954200
2018-07-26 00:00:00-04:00,174.36501334003648,179.58928934727567,173.22843600870024,175.73089599609375,169803700
2018-07-27 00:00:00-04:00,179.33006770379376,179.38988516383023,172.480694695876,174.36502075195312,60073700
2018-07-30 00:00:00-04:00,174.77377097519764,174.77377097519764,166.0600020545364,170.54649353027344,65280800
2018-07-31 00:00:00-04:00,170.15768047598843,173.7169713419204,169.48969350947988,172.06195068359375,40356500
2018-08-01 00:00:00-04:00,173.40788978854306,174.55444684742366,170.38698645671136,171.13473510742188,34042100
2018-08-02 00:00:00-04:00,170.16762417235,176.2592830203215,169.75886652338667,175.84054565429688,32400000
2018-08-03 00:00:00-04:00,177.15659645312644,178.3131179108839,175.62121084572823,177.24632263183594,24763400
2018-08-06 00:00:00-04:00,178.43275502454577,185.23227430252516,177.8445297839682,185.1325836181641,49716200
2018-08-07 00:00:00-04:00,185.9401519005374,187.73475158346116,183.16849830640456,183.2582244873047,33398600
2018-08-08 00:00:00-04:00,184.1953978532882,186.28909993573143,183.20836426362487,184.6240997314453,22205200
2018-08-09 00:00:00-04:00,185.2920991920609,186.00993902646275,181.9322053187407,182.54037475585935,19732100
2018-08-10 00:00:00-04:00,181.49354288114236,181.5533755511423,178.881412504922,179.71888732910156,21500400
2018-08-13 00:00:00-04:00,179.559374434898,182.06183433611224,178.36296447428464,179.509521484375,17423300
2018-08-14 00:00:00-04:00,180.16755201870316,181.4437085019354,178.08381421186047,180.56634521484372,19102000
2018-08-15 00:00:00-04:00,178.80164152904254,180.32704745556157,174.25533247643816,178.99107360839844,33020200
2018-08-16 00:00:00-04:00,179.87839806110588,179.95815973585437,173.48763649360845,174.17556762695312,31351800
2018-08-17 00:00:00-04:00,173.9761854906829,175.69102360768716,171.5235632307397,173.27828979492188,24893200
2018-08-20 00:00:00-04:00,173.51756355863577,174.0459866113151,170.39696947408274,171.98219299316406,21518000
2018-08-21 00:00:00-04:00,172.29125398872185,173.64717212941537,170.87551839098063,172.10182189941406,19578500
2018-08-22 00:00:00-04:00,171.69307422791582,173.71697944543027,171.6133125428677,173.1187744140625,16894100
2018-08-23 00:00:00-04:00,172.57041353601704,175.02303578395288,172.31119948257063,172.3809814453125,18053600
2018-08-24 00:00:00-04:00,173.1785871588224,174.2952355061027,172.40092976701206,174.125732421875,14631600
=======
2018-06-28 00:00:00-04:00,194.5940791427795,196.74759865987167,192.67984464302535,195.64093017578125,18172400
2018-06-29 00:00:00-04:00,196.7276888866843,197.0068471610485,193.3777743813285,193.7366943359375,15811600
2018-07-02 00:00:00-04:00,192.7895346219634,196.85728905195708,191.6429927916916,196.7675628662109,13961600
2018-07-03 00:00:00-04:00,193.96600276565397,194.81344210748296,191.94209763759997,192.1514587402344,13489500
2018-07-05 00:00:00-04:00,194.15542397078835,198.053675150586,193.4475485950848,197.85427856445312,19684200
2018-07-06 00:00:00-04:00,197.8542840405296,203.02870698335715,197.10653541209757,202.61993408203125,19740100
2018-07-09 00:00:00-04:00,204.31481358884855,205.1822122817732,201.5132513583872,204.1253967285156,18149400
2018-07-10 00:00:00-04:00,203.8861104607721,204.2948833309049,201.65282925093356,202.92898559570312,13190100
2018-07-11 00:00:00-04:00,201.612975325689,203.88612998328043,201.14438495905537,201.9320068359375,12927400
2018-07-12 00:00:00-04:00,202.81931456582063,206.45836672963492,202.5800447600354,206.29884338378903,15454700
2018-07-13 00:00:00-04:00,207.1861664125284,207.8043003475348,205.83024842933327,206.69764709472656,11486800
2018-07-16 00:00:00-04:00,206.87711917914885,208.0934581571445,206.21909673931813,206.60792541503903,11078200
2018-07-17 00:00:00-04:00,204.28491744828497,209.8282400117023,204.22509999260163,209.35964965820312,15349900
2018-07-18 00:00:00-04:00,209.19016271579756,210.35664874570531,207.8143003770928,208.7315368652344,15334900
2018-07-19 00:00:00-04:00,208.14329865344376,209.3596375586582,207.13632083102144,207.46533203125,11350400
2018-07-20 00:00:00-04:00,208.22307483521757,210.8651139125209,207.87411938893905,209.30979919433597,16163900
2018-07-23 00:00:00-04:00,209.9478595324148,210.98473085188053,208.17320414997485,210.27687072753903,16732000
2018-07-24 00:00:00-04:00,214.46428589520687,215.55101029468076,211.9618258608892,214.02560424804688,28468700
2018-07-25 00:00:00-04:00,215.0724513674519,217.96374004137243,213.6268070304916,216.84710693359372,58954200
2018-07-26 00:00:00-04:00,174.36501334003648,179.58928934727567,173.22843600870024,175.73089599609375,169803700
2018-07-27 00:00:00-04:00,179.33005201051043,179.38986946531222,172.48067960198546,174.36500549316406,60073700
2018-07-30 00:00:00-04:00,174.77377097519764,174.77377097519764,166.0600020545364,170.54649353027344,65280800
2018-07-31 00:00:00-04:00,170.15768047598843,173.7169713419204,169.48969350947988,172.06195068359375,40356500
2018-08-01 00:00:00-04:00,173.407874327074,174.55443128372482,170.38697126459337,171.1347198486328,34042100
2018-08-02 00:00:00-04:00,170.16763893886403,176.25929831544704,169.7588812544302,175.84056091308594,32400000
2018-08-03 00:00:00-04:00,177.15661170419116,178.31313326151127,175.62122596461458,177.246337890625,24763400
2018-08-06 00:00:00-04:00,178.43275502454577,185.23227430252516,177.8445297839682,185.1325836181641,49716200
2018-08-07 00:00:00-04:00,185.9401519005374,187.73475158346116,183.16849830640456,183.2582244873047,33398600
2018-08-08 00:00:00-04:00,184.195413076646,186.28911533212928,183.2083794054064,184.6241149902344,22205200
2018-08-09 00:00:00-04:00,185.2920991920609,186.00993902646275,181.9322053187407,182.54037475585935,19732100
2018-08-10 00:00:00-04:00,181.49352747167853,181.55336013659849,178.8813973172376,179.7188720703125,21500400
2018-08-13 00:00:00-04:00,179.559374434898,182.06183433611224,178.36296447428464,179.509521484375,17423300
2018-08-14 00:00:00-04:00,180.16753679361415,181.4436931690046,178.0837991628581,180.5663299560547,19102000
2018-08-15 00:00:00-04:00,178.80165677168273,180.32706282824088,174.2553473315106,178.9910888671875,33020200
2018-08-16 00:00:00-04:00,179.87841381949596,179.958175501232,173.48765169213075,174.1755828857422,31351800
2018-08-17 00:00:00-04:00,173.9761701704375,175.6910081364341,171.52354812647087,173.2782745361328,24893200
2018-08-20 00:00:00-04:00,173.51754816362393,174.04597116941991,170.39695435593958,171.982177734375,21518000
2018-08-21 00:00:00-04:00,172.29125398872185,173.64717212941537,170.87551839098063,172.10182189941406,19578500
2018-08-22 00:00:00-04:00,171.69305909478877,173.71696413391504,171.6132974167709,173.11875915527344,16894100
2018-08-23 00:00:00-04:00,172.57041353601704,175.02303578395288,172.31119948257063,172.3809814453125,18053600
2018-08-24 00:00:00-04:00,173.17857198303253,174.2952202324599,172.40091465936894,174.12571716308594,14631600
>>>>>>> e449bea2185155843b42d9ec49e68bf9bed44428
2018-08-27 00:00:00-04:00,175.46170342660875,178.13365106787228,175.2622916335727,176.9272918701172,17921900
2018-08-28 00:00:00-04:00,177.56538423281717,177.70496337129757,175.3021940753986,175.73089599609375,15910700
2018-08-29 00:00:00-04:00,175.77078717088818,176.25930655665846,174.22543690538214,175.37197875976562,18494100
2018-08-30 00:00:00-04:00,175.37196823324368,179.25029042232933,175.17257164614367,177.10675048828125,24216500
2018-08-31 00:00:00-04:00,176.61821970651047,177.0868100633861,174.4547355034601,175.20248413085938,18065200
2018-09-04 00:00:00-04:00,172.97918177375308,173.36801044991245,168.29329343688812,170.64620971679688,29809000
2018-09-05 00:00:00-04:00,168.9812249084393,170.6163012948346,166.16968277348744,166.6781463623047,31226700
<<<<<<< HEAD
2018-09-06 00:00:00-04:00,166.4787531512463,166.4787531512463,159.5197100595349,162.0421142578125,41514800
2018-09-07 00:00:00-04:00,159.8287670049926,164.13580620777256,159.67922337141724,162.55056762695312,24300600
2018-09-10 00:00:00-04:00,163.01916211257063,164.51465933832972,161.67322373717815,163.68714904785156,20197700
2018-09-11 00:00:00-04:00,163.44788292633123,166.68812698879202,163.22854211121816,165.44187927246094,20457100
2018-09-12 00:00:00-04:00,162.75995009622457,163.9962332949163,161.31430580259163,161.51370239257812,24078100
=======
2018-09-06 00:00:00-04:00,166.47873747467858,166.47873747467858,159.51969503826948,162.04209899902344,41514800
2018-09-07 00:00:00-04:00,159.8287670049926,164.13580620777256,159.67922337141724,162.55056762695312,24300600
2018-09-10 00:00:00-04:00,163.01916211257063,164.51465933832972,161.67322373717815,163.68714904785156,20197700
2018-09-11 00:00:00-04:00,163.44788292633123,166.68812698879202,163.22854211121816,165.44187927246094,20457100
2018-09-12 00:00:00-04:00,162.75993471969792,163.99621780159347,161.31429056264028,161.51368713378906,24078100
>>>>>>> e449bea2185155843b42d9ec49e68bf9bed44428
2018-09-13 00:00:00-04:00,161.5137038317849,162.82974872079512,160.377126524451,160.87562561035156,25453800
2018-09-14 00:00:00-04:00,161.2345434327066,162.35117650223114,159.85868110562484,161.83274841308594,21770400
2018-09-17 00:00:00-04:00,161.43395065402342,161.5735297969068,159.29041055696038,160.0979766845703,21005300
2018-09-18 00:00:00-04:00,158.91152993842397,161.27441061764506,158.3930866557355,159.8188018798828,22465200
<<<<<<< HEAD
2018-09-19 00:00:00-04:00,159.59947570894164,162.94939031201483,159.0012706961486,162.57052612304688,19629000
2018-09-20 00:00:00-04:00,164.00619551671753,165.95033886474434,163.97628678928515,165.52163696289062,18936000
2018-09-21 00:00:00-04:00,166.13977257279734,166.74794205818063,162.32126779906082,162.44090270996094,45994800
2018-09-24 00:00:00-04:00,160.54661064830458,165.20259017660072,160.39706701121182,164.91346740722656,19222800
2018-09-25 00:00:00-04:00,161.5037450874021,165.0929295061176,160.66625503134836,164.41497802734375,27622800
=======
2018-09-19 00:00:00-04:00,159.5994607290139,162.94937501766577,159.00125577236807,162.5705108642578,19629000
2018-09-20 00:00:00-04:00,164.006210635804,165.95035416305373,163.97630190561443,165.5216522216797,18936000
2018-09-21 00:00:00-04:00,166.13977257279734,166.74794205818063,162.32126779906082,162.44090270996094,45994800
2018-09-24 00:00:00-04:00,160.5466255030457,165.20260546214115,160.39708185211626,164.91348266601562,19222800
2018-09-25 00:00:00-04:00,161.5037300987946,165.0929141844102,160.6662401204654,164.4149627685547,27622800
>>>>>>> e449bea2185155843b42d9ec49e68bf9bed44428
2018-09-26 00:00:00-04:00,163.8067982809772,168.79178900643004,163.7170720990353,166.44883728027344,25252200
2018-09-27 00:00:00-04:00,167.0470546502738,171.2543883518509,166.70807890690145,168.3331756591797,27266900
2018-09-28 00:00:00-04:00,167.8247018580594,168.28331249173135,162.07201822346065,163.96632385253906,34265600
2018-10-01 00:00:00-04:00,162.5406178742197,165.38206887390868,160.77592677295016,161.952392578125,26407700
2018-10-02 00:00:00-04:00,161.09497637173789,161.79287209249216,158.19370786154602,158.8517303466797,36031000
2018-10-03 00:00:00-04:00,159.51969993082207,163.1687167178558,159.05110959523654,161.94239807128906,23109500
2018-10-04 00:00:00-04:00,160.97531932645273,160.97531932645273,156.87765654203494,158.37315368652344,25739600
2018-10-05 00:00:00-04:00,158.73208851604713,160.41700267815935,155.73111422797973,156.85772705078125,25744000
<<<<<<< HEAD
2018-10-08 00:00:00-04:00,155.07308062556865,157.86467839938564,153.92653887472537,156.7779541015625,24046000
2018-10-09 00:00:00-04:00,157.21664902852646,160.10793773135887,156.9474552541433,157.42601013183594,18844400
2018-10-10 00:00:00-04:00,156.3492551864842,157.21663869774065,150.85578571390192,150.9255828857422,30610000
2018-10-11 00:00:00-04:00,149.67932861875002,154.34527239326997,148.71223925118795,152.88966369628906,35338900
2018-10-12 00:00:00-04:00,156.25951819606252,156.41904155363525,150.8458254604311,153.27850341796875,25293500
2018-10-15 00:00:00-04:00,152.85976174029665,155.10300754962122,152.09206891480332,153.0591583251953,15433500
2018-10-16 00:00:00-04:00,154.93351641176568,158.98134194059404,154.5446877167213,158.30337524414062,19180100
2018-10-17 00:00:00-04:00,159.08103116655727,160.00824740802278,157.47586344787854,158.9414520263672,17592000
2018-10-18 00:00:00-04:00,158.0341602535549,158.18371909341062,152.81986455249944,154.45494079589844,21675100
2018-10-19 00:00:00-04:00,155.39214987107076,156.87768275953331,153.08908631774645,153.58758544921875,19761300
2018-10-22 00:00:00-04:00,154.2954244301976,156.8676814196206,153.99633716292618,154.31536865234375,15424700
=======
2018-10-08 00:00:00-04:00,155.07309571842683,157.86469376394274,153.92655385599363,156.77796936035156,24046000
2018-10-09 00:00:00-04:00,157.2166337900301,160.10792221261934,156.947440041739,157.42599487304688,18844400
2018-10-10 00:00:00-04:00,156.3492551864842,157.21663869774065,150.85578571390192,150.9255828857422,30610000
2018-10-11 00:00:00-04:00,149.67934355713925,154.3452877973326,148.7122540930591,152.88967895507812,35338900
2018-10-12 00:00:00-04:00,156.25951819606252,156.41904155363525,150.8458254604311,153.27850341796875,25293500
2018-10-15 00:00:00-04:00,152.85977697920745,155.10302301216592,152.0920840771812,153.05917358398438,15433500
2018-10-16 00:00:00-04:00,154.93350147779574,158.98132661645607,154.5446728202304,158.30335998535156,19180100
2018-10-17 00:00:00-04:00,159.08101589436825,160.00823204681862,157.47584832978976,158.94143676757812,17592000
2018-10-18 00:00:00-04:00,158.03417586593932,158.18373472057016,152.81987964975735,154.4549560546875,21675100
2018-10-19 00:00:00-04:00,155.39211899492892,156.87765158821873,153.08905589921918,153.58755493164062,19761300
2018-10-22 00:00:00-04:00,154.2954396870146,156.86769693078375,153.99635239016925,154.3153839111328,15424700
>>>>>>> e449bea2185155843b42d9ec49e68bf9bed44428
2018-10-23 00:00:00-04:00,150.76606187089848,154.30540835564062,150.39717742254825,153.92654418945312,19095000
2018-10-24 00:00:00-04:00,153.81687879928572,154.18576325966333,145.16294185377612,145.6016082763672,27744600
2018-10-25 00:00:00-04:00,147.28653659757967,151.75309938901398,146.5587321871703,150.4968719482422,22105700
2018-10-26 00:00:00-04:00,145.3822703244235,148.5527169819401,143.3683299016772,144.93360900878906,31303300
2018-10-29 00:00:00-04:00,148.05421342975362,148.38322461848884,138.61264048759867,141.6634521484375,31336800
2018-10-30 00:00:00-04:00,139.51991989344214,146.19980428101357,139.3205233112578,145.78106689453125,50528300
<<<<<<< HEAD
2018-10-31 00:00:00-04:00,154.53472151225975,155.93051291169252,148.51285905801166,151.3343505859375,60101300
2018-11-01 00:00:00-04:00,151.065158804271,152.291462227383,148.90167471798998,151.29446411132812,25640800
=======
2018-10-31 00:00:00-04:00,154.53470593078265,155.9304971894801,148.51284408370887,151.33433532714844,60101300
2018-11-01 00:00:00-04:00,151.0651740399335,152.29147758672423,148.9016897354545,151.2944793701172,25640800
>>>>>>> e449bea2185155843b42d9ec49e68bf9bed44428
2018-11-02 00:00:00-04:00,151.3443259512397,153.66733352368286,148.51285478641046,149.898681640625,24708700
2018-11-05 00:00:00-05:00,149.64943921725273,149.7391654061221,146.99742029544151,148.2336883544922,15971200
2018-11-06 00:00:00-05:00,148.86178500572294,150.51680551538882,147.5557199188966,149.48989868164062,16667100
2018-11-07 00:00:00-05:00,151.115022724153,152.55068733659982,149.380240399592,151.07513427734375,21877400
2018-11-08 00:00:00-05:00,150.03826253635427,150.4869086776024,146.2995193376447,147.42611694335938,24145800
2018-11-09 00:00:00-05:00,146.3094765380866,147.31643917932348,143.6375288343765,144.5248565673828,17326900
2018-11-12 00:00:00-05:00,144.04628883781868,144.60460536923517,140.06827594498395,141.12509155273438,18542100
2018-11-13 00:00:00-05:00,141.573737752772,144.44509730211,141.1948735864053,141.73326110839844,15141700
<<<<<<< HEAD
2018-11-14 00:00:00-05:00,143.2686203399791,145.1429815892002,141.1250805638465,143.7870635986328,22068400
2018-11-15 00:00:00-05:00,141.9027410056079,144.4052007530041,140.40724385974917,143.41818237304688,30320300
2018-11-16 00:00:00-05:00,140.64654605483332,141.34444176552765,137.35644888957668,139.1111602783203,37250600
2018-11-19 00:00:00-05:00,137.19691175759604,137.33649088573006,130.81612988149257,131.1551055908203,44362700
2018-11-20 00:00:00-05:00,126.64867161159962,133.75727316768806,126.46921164340894,132.03245544433594,41939500
2018-11-21 00:00:00-05:00,133.9965306384388,136.77816369237382,133.72735212068983,134.415283203125,25469700
2018-11-23 00:00:00-05:00,133.2487988630417,134.09625338973206,130.86597385370638,131.33456420898438,11886100
2018-11-26 00:00:00-05:00,132.6007529817181,136.58874555259683,132.381412173281,135.97061157226562,24263600
2018-11-27 00:00:00-05:00,135.34250573052302,136.19992479155255,133.30863609502646,134.59475708007812,20750300
2018-11-28 00:00:00-05:00,135.87090195134698,136.37936551353303,131.45420760230286,136.34945678710938,29847500
2018-11-29 00:00:00-05:00,135.51199285080978,139.569782807051,135.25277879676153,138.26370239257812,24238700
2018-11-30 00:00:00-05:00,137.84494522064986,140.54681663582733,136.94765305886204,140.18789672851562,25732600
2018-12-03 00:00:00-05:00,142.57072814999535,143.24867955504985,140.33744693167094,140.6664581298828,24819200
2018-12-04 00:00:00-05:00,140.30754325468507,142.95956194444332,136.74826782410153,137.5159454345703,30307400
2018-12-06 00:00:00-05:00,133.41828957113287,139.28062790169756,133.2687307322359,139.21084594726562,28218100
2018-12-07 00:00:00-05:00,138.83200061359386,140.44713284413888,136.24977890320795,137.0074920654297,21195500
2018-12-10 00:00:00-05:00,139.18094848775863,142.620589079036,138.59270801459013,141.4241943359375,26422200
2018-12-11 00:00:00-05:00,143.44810318682093,143.44810318682093,140.6764494599767,141.65350341796875,20300300
2018-12-12 00:00:00-05:00,142.65050279958638,146.74816596753587,142.0822065292574,144.0662384033203,23696900
2018-12-13 00:00:00-05:00,145.1330234980575,145.41218175436376,142.76016310647017,144.57469177246094,18148600
2018-12-14 00:00:00-05:00,142.90969316438776,145.57167606394074,142.0821829785894,143.62753295898438,21785800
2018-12-17 00:00:00-05:00,142.65050449157417,144.48497753115848,138.00448922161766,139.76918029785156,24334000
2018-12-18 00:00:00-05:00,140.65648769444965,145.4919191426743,139.4102401233119,143.22874450683594,24709100
2018-12-19 00:00:00-05:00,140.7861187741181,144.47500897348343,132.1022579891908,132.8400421142578,57404900
2018-12-20 00:00:00-05:00,130.30766532282044,135.16305703673703,129.60976960600067,132.9995574951172,40297900
2018-12-21 00:00:00-05:00,132.98958780227431,134.49504959076424,123.04951464239412,124.57492065429688,56901500
2018-12-24 00:00:00-05:00,122.73046664408986,129.35054113692988,122.65070496919604,123.68758392333984,22066000
=======
2018-11-14 00:00:00-05:00,143.2686355437506,145.14299699188027,141.12509554014397,143.78707885742188,22068400
2018-11-15 00:00:00-05:00,141.9027410056079,144.4052007530041,140.40724385974917,143.41818237304688,30320300
2018-11-16 00:00:00-05:00,140.64653062763125,141.34442626177497,137.35643382325796,139.11114501953125,37250600
2018-11-19 00:00:00-05:00,137.19691175759604,137.33649088573006,130.81612988149257,131.1551055908203,44362700
2018-11-20 00:00:00-05:00,126.64868624819304,133.75728862581167,126.46922625926244,132.032470703125,41939500
2018-11-21 00:00:00-05:00,133.9965306384388,136.77816369237382,133.72735212068983,134.415283203125,25469700
2018-11-23 00:00:00-05:00,133.2487988630417,134.09625338973206,130.86597385370638,131.33456420898438,11886100
2018-11-26 00:00:00-05:00,132.6007529817181,136.58874555259683,132.381412173281,135.97061157226562,24263600
2018-11-27 00:00:00-05:00,135.3424903869629,136.19990935078823,133.30862098204284,134.59474182128906,20750300
2018-11-28 00:00:00-05:00,135.87090195134698,136.37936551353303,131.45420760230286,136.34945678710938,29847500
2018-11-29 00:00:00-05:00,135.51199285080978,139.569782807051,135.25277879676153,138.26370239257812,24238700
2018-11-30 00:00:00-05:00,137.84496022441974,140.54683193368314,136.94766796496594,140.1879119873047,25732600
2018-12-03 00:00:00-05:00,142.57074361535,143.2486950939453,140.33746215477052,140.66647338867188,24819200
2018-12-04 00:00:00-05:00,140.30754325468507,142.95956194444332,136.74826782410153,137.5159454345703,30307400
2018-12-06 00:00:00-05:00,133.41830419500448,139.28064316813536,133.26874533971448,139.2108612060547,28218100
2018-12-07 00:00:00-05:00,138.83198515160578,140.4471172022704,136.24976372880687,137.00747680664062,21195500
2018-12-10 00:00:00-05:00,139.18094848775863,142.620589079036,138.59270801459013,141.4241943359375,26422200
2018-12-11 00:00:00-05:00,143.4480877347192,143.4480877347192,140.67643430643503,141.6534881591797,20300300
2018-12-12 00:00:00-05:00,142.65048769074508,146.74815042469018,142.08219148060726,144.06622314453125,23696900
2018-12-13 00:00:00-05:00,145.1330388157743,145.41219710154368,142.76017817374913,144.57470703125,18148600
2018-12-14 00:00:00-05:00,142.9097235294413,145.571706994605,142.0822131678159,143.6275634765625,21785800
2018-12-17 00:00:00-05:00,142.65048891822707,144.4849617575395,138.00447415548228,139.7691650390625,24334000
2018-12-18 00:00:00-05:00,140.65651766396007,145.49195014246436,139.41026982728582,143.22877502441406,24709100
2018-12-19 00:00:00-05:00,140.7861187741181,144.47500897348343,132.1022579891908,132.8400421142578,57404900
2018-12-20 00:00:00-05:00,130.30765037286713,135.16304152973373,129.6097547361156,132.99954223632812,40297900
2018-12-21 00:00:00-05:00,132.98957965753675,134.49504135382705,123.04950710642066,124.57491302490234,56901500
2018-12-24 00:00:00-05:00,122.73047421444672,129.3505491156314,122.65071253463296,123.68759155273438,22066000
>>>>>>> e449bea2185155843b42d9ec49e68bf9bed44428
2018-12-26 00:00:00-05:00,125.6217687368797,133.83703908968027,125.51209833025668,133.77720642089844,39723400
2018-12-27 00:00:00-05:00,132.0424376968067,134.58478602723176,129.2807485558832,134.11619567871094,31202500
2018-12-28 00:00:00-05:00,134.93371565016434,135.51197635849715,131.8031423071097,132.80014038085938,22627600
2018-12-31 00:00:00-05:00,134.0464019114055,134.23583399919272,129.55991011301938,130.6964874267578,24625300
<<<<<<< HEAD
2019-01-02 00:00:00-05:00,128.60281457288426,137.09722902847804,128.17409739853431,135.27272033691406,28146200
2019-01-03 00:00:00-05:00,134.2856693945148,136.75822029162384,130.72637906422776,131.3445281982422,22717900
2019-01-04 00:00:00-05:00,133.60771361470933,137.5857416208562,133.34849957818489,137.535888671875,29002100
2019-01-07 00:00:00-05:00,137.14707026263832,138.4531354734625,135.50202931417743,137.63560485839844,20089300
2019-01-08 00:00:00-05:00,139.4700828539421,142.7103271262489,139.12112738557627,142.10215759277344,26263800
2019-01-09 00:00:00-05:00,142.52088639682475,144.26563320703102,140.84593676125945,143.7970428466797,22205900
2019-01-10 00:00:00-05:00,142.65050251807656,144.12605557619955,140.41722110101026,143.7671356201172,16125000
2019-01-11 00:00:00-05:00,142.72028919677345,144.9236619580606,142.14204361624024,143.36834716796875,12908000
2019-01-14 00:00:00-05:00,141.5737293167003,146.1300179075051,140.84592496787664,144.95355224609375,20520300
2019-01-15 00:00:00-05:00,145.57170666910633,150.22768659631018,145.55177765777614,148.5028839111328,24069000
2019-01-16 00:00:00-05:00,148.5527155815989,149.20075825565405,146.55871939929557,147.0970916748047,18025700
2019-01-17 00:00:00-05:00,146.5088743005095,148.55272353945455,146.0602281780543,147.85482788085938,15787900
2019-01-18 00:00:00-05:00,149.30047683209463,151.9724246411141,148.10408206368317,149.589599609375,31029600
2019-01-22 00:00:00-05:00,148.75214154251296,151.07514937935355,145.93063456162037,147.12704467773438,22378700
2019-01-23 00:00:00-05:00,147.83488493791037,148.3533282372046,142.63055336122207,143.86683654785156,20098400
2019-01-24 00:00:00-05:00,144.20582733014197,146.0004272359139,142.09219589278064,145.3922576904297,20955500
2019-01-25 00:00:00-05:00,147.03729231415602,149.3802442018211,146.10011155908998,148.5626983642578,22237200
2019-01-28 00:00:00-05:00,147.60558928346765,148.51286131336963,145.77111621264427,147.02732849121094,15508500
2019-01-29 00:00:00-05:00,147.64544282004962,147.65542253721333,142.99942809083493,143.7571563720703,17632100
2019-01-30 00:00:00-05:00,145.78107089042336,150.49686788612289,145.2626275921462,149.9684600830078,44613200
2019-01-31 00:00:00-05:00,165.10291181848572,171.16464762706332,164.50470679947523,166.18963623046875,77233600
2019-02-01 00:00:00-05:00,165.34218487590616,168.59240888258674,165.16273249449935,165.21258544921875,30806500
2019-02-04 00:00:00-05:00,165.20259674853114,168.79179631138393,163.12883869143673,168.741943359375,20036000
2019-02-05 00:00:00-05:00,168.64223366714234,171.46374030203606,168.183623030126,170.64620971679688,22557000
2019-02-06 00:00:00-05:00,170.6860858987148,171.95227785084748,168.76188670762556,169.9782257080078,13281200
2019-02-07 00:00:00-05:00,167.69508289011702,168.73196946747393,164.75394144102833,165.88055419921875,17517600
2019-02-08 00:00:00-05:00,163.97628251349138,166.8675709851149,163.71706847817515,166.82769775390625,12561400
=======
2019-01-02 00:00:00-05:00,128.60280006646187,137.09721356388405,128.1740829404713,135.272705078125,28146200
2019-01-03 00:00:00-05:00,134.28568499498732,136.75823617934194,130.72639425120408,131.34454345703125,22717900
2019-01-04 00:00:00-05:00,133.60771361470933,137.5857416208562,133.34849957818489,137.535888671875,29002100
2019-01-07 00:00:00-05:00,137.14707026263832,138.4531354734625,135.50202931417743,137.63560485839844,20089300
2019-01-08 00:00:00-05:00,139.47006787778264,142.71031180215522,139.1211124468873,142.10214233398438,26263800
2019-01-09 00:00:00-05:00,142.52087127345294,144.26561789851826,140.8459218156222,143.79702758789062,22205900
2019-01-10 00:00:00-05:00,142.65048737780185,144.12604027931636,140.4172061977659,143.76712036132812,16125000
2019-01-11 00:00:00-05:00,142.72027400695762,144.92364653373835,142.1420284879675,143.3683319091797,12908000
2019-01-14 00:00:00-05:00,141.5737442197064,146.1300332901369,140.84593979426913,144.9535675048828,20520300
2019-01-15 00:00:00-05:00,145.57170666910633,150.22768659631018,145.55177765777614,148.5028839111328,24069000
2019-01-16 00:00:00-05:00,148.55273099138387,149.20077373266227,146.55873460223776,147.09710693359375,18025700
2019-01-17 00:00:00-05:00,146.5088743005095,148.55272353945455,146.0602281780543,147.85482788085938,15787900
2019-01-18 00:00:00-05:00,149.30047683209463,151.9724246411141,148.10408206368317,149.589599609375,31029600
2019-01-22 00:00:00-05:00,148.75212611518242,151.07513371110002,145.93061942691298,147.1270294189453,22378700
2019-01-23 00:00:00-05:00,147.83488493791037,148.3533282372046,142.63055336122207,143.86683654785156,20098400
2019-01-24 00:00:00-05:00,144.20579706159347,146.00039659068207,142.09216606787965,145.39222717285156,20955500
2019-01-25 00:00:00-05:00,147.03729231415602,149.3802442018211,146.10011155908998,148.5626983642578,22237200
2019-01-28 00:00:00-05:00,147.60558928346765,148.51286131336963,145.77111621264427,147.02732849121094,15508500
2019-01-29 00:00:00-05:00,147.64545849155235,147.65543820977535,142.99944326919658,143.75717163085938,17632100
2019-01-30 00:00:00-05:00,145.78107089042336,150.49686788612289,145.2626275921462,149.9684600830078,44613200
2019-01-31 00:00:00-05:00,165.10289665947482,171.16463191149094,164.50469169538883,166.1896209716797,77233600
2019-02-01 00:00:00-05:00,165.3421696051475,168.59239331164218,165.1627172403146,165.2125701904297,30806500
2019-02-04 00:00:00-05:00,165.20259674853114,168.79179631138393,163.12883869143673,168.741943359375,20036000
2019-02-05 00:00:00-05:00,168.64223366714234,171.46374030203606,168.183623030126,170.64620971679688,22557000
2019-02-06 00:00:00-05:00,170.6860858987148,171.95227785084748,168.76188670762556,169.9782257080078,13281200
2019-02-07 00:00:00-05:00,167.69509831581843,168.73198498855498,164.7539565961841,165.8805694580078,17517600
2019-02-08 00:00:00-05:00,163.97629751147755,166.86758624755092,163.71708345245247,166.8277130126953,12561400
>>>>>>> e449bea2185155843b42d9ec49e68bf9bed44428
2019-02-11 00:00:00-05:00,167.39597927652915,167.79478765473468,164.5844524718547,165.2923126220703,12811200
2019-02-12 00:00:00-05:00,166.3591148905117,167.83466791924556,164.00619860594352,164.54457092285156,16292300
2019-02-13 00:00:00-05:00,164.88356457691853,165.72103940055942,163.23850844513998,163.57749938964844,14205100
2019-02-14 00:00:00-05:00,162.70014205362892,164.3750917620022,161.76296129218818,163.45785522460938,12755200
2019-02-15 00:00:00-05:00,164.01616793077724,164.2056000223068,160.37713059650017,162.01220703125,15504400
2019-02-19 00:00:00-05:00,160.01820590142555,163.65724312800862,159.84871803848998,161.80282592773438,14345400
2019-02-20 00:00:00-05:00,161.76293925338564,163.22852765503126,160.765941168619,162.07200622558594,11770700
2019-02-21 00:00:00-05:00,161.44389612576109,161.75297831776376,159.1109242070538,159.5595703125,15607800
2019-02-22 00:00:00-05:00,160.09797227182196,161.92248079757113,159.82877849904318,161.40403747558594,15858500
<<<<<<< HEAD
2019-02-25 00:00:00-05:00,162.58048907473597,165.5714834042724,162.41098600863643,164.12582397460938,18737100
2019-02-26 00:00:00-05:00,163.8466596600365,165.74096512646094,163.30828739434776,163.63729858398438,13784100
=======
2019-02-25 00:00:00-05:00,162.58050418985513,165.57149879746453,162.4110011079969,164.12583923339844,18737100
2019-02-26 00:00:00-05:00,163.84667493834797,165.7409805814119,163.3083026224573,163.63731384277344,13784100
>>>>>>> e449bea2185155843b42d9ec49e68bf9bed44428
2019-02-27 00:00:00-05:00,162.41099999020523,163.43790691471128,159.92848421928588,162.32127380371094,12697500
2019-02-28 00:00:00-05:00,161.88258375686885,163.0091965276307,160.37712203625438,160.96534729003906,11114200
2019-03-01 00:00:00-05:00,162.1119086553615,162.64031646884047,161.20463666882785,161.79286193847656,11097800
2019-03-04 00:00:00-05:00,163.40798430752176,166.99718359231125,163.33820235050345,166.86756896972656,18894700
2019-03-05 00:00:00-05:00,166.86757324315332,171.36404457522113,166.05004268194915,170.7458953857422,28187900
<<<<<<< HEAD
2019-03-06 00:00:00-05:00,172.38097038534775,173.04897251907377,170.75587378022334,171.9921417236328,21531700
2019-03-07 00:00:00-05:00,170.985195375287,171.22448042566484,167.10687289336988,168.622314453125,18306500
=======
2019-03-06 00:00:00-05:00,172.3809856786329,173.04898787162267,170.75588892933325,171.99215698242188,21531700
2019-03-07 00:00:00-05:00,170.98517990267865,171.22446493140336,167.10685777171452,168.62229919433594,18306500
>>>>>>> e449bea2185155843b42d9ec49e68bf9bed44428
2019-03-08 00:00:00-05:00,165.70107872993472,169.11081035601362,165.47177342995707,169.09088134765625,13184800
2019-03-11 00:00:00-04:00,171.08489169970443,173.77678371048265,171.06494747671036,171.55348205566406,18884000
2019-03-12 00:00:00-04:00,171.57340326055086,173.2782767438446,170.70601976207695,171.40391540527344,12155300
2019-03-13 00:00:00-04:00,171.80272771635765,173.50758602570846,171.60331591689155,172.8495635986328,11973300
2019-03-14 00:00:00-04:00,169.25040677963827,170.63623365130425,167.65521880793528,169.6591796875,18037400
2019-03-15 00:00:00-04:00,166.6582162289076,167.07695363093185,162.02216565288322,165.48175048828125,37135400
2019-03-18 00:00:00-04:00,163.07899690073452,163.40799290725252,158.80186626018428,159.98829650878906,37524200
2019-03-19 00:00:00-04:00,160.9952500635777,163.32823719589575,160.33724287480558,161.08499145507812,25611500
<<<<<<< HEAD
2019-03-20 00:00:00-04:00,161.01519953006178,165.62132606642,160.7559854904648,164.94337463378906,20211500
2019-03-21 00:00:00-04:00,164.39503635554755,165.89053368980734,163.2584589900295,165.5814666748047,16223000
2019-03-22 00:00:00-04:00,165.1527448886517,166.9174359531394,163.5974301387921,163.8466796875,16389200
2019-03-25 00:00:00-04:00,162.51070000947882,166.04006680063404,161.51370184991146,165.7908172607422,12631200
2019-03-26 00:00:00-04:00,166.84765498215322,168.94134207595522,165.85065678139458,167.17665100097656,15437900
2019-03-27 00:00:00-04:00,167.3461529487663,168.43287732911423,164.29532569620653,165.37208557128906,10620300
2019-03-28 00:00:00-04:00,164.0760008346448,166.21954087629453,162.83971759179045,165.0530548095703,10443000
2019-03-29 00:00:00-04:00,165.8905337209635,166.68813534198233,164.3152747030224,166.18963623046875,13455500
2019-04-01 00:00:00-04:00,167.32618953688706,168.39296957138458,166.77783755047085,168.19357299804688,10381500
2019-04-02 00:00:00-04:00,169.62926810918435,174.37497392377742,169.04104283974442,173.6770782470703,23946500
2019-04-03 00:00:00-04:00,173.97618317827911,177.425803590026,172.43083294985786,173.01905822753906,27391100
2019-04-04 00:00:00-04:00,175.49160766601562,177.46565962013227,175.00307312634231,175.49160766601562,17847700
2019-04-05 00:00:00-04:00,176.34904167316688,176.46867658574783,174.57438614262017,175.19252014160156,9594100
2019-04-08 00:00:00-04:00,174.68405018313914,174.9731729489999,173.70698105605817,174.40487670898438,7297400
2019-04-09 00:00:00-04:00,175.09281293728253,178.65210368995028,175.02303097645742,177.04693603515625,19751000
2019-04-10 00:00:00-04:00,177.64511381729713,178.2532832656577,176.0100375449318,177.2862091064453,11701500
2019-04-11 00:00:00-04:00,177.7049466408069,177.86445477477784,176.4686635213841,176.9771270751953,8071000
2019-04-12 00:00:00-04:00,177.46567385996573,179.0907857415576,177.41582090898115,178.5623779296875,12329800
2019-04-15 00:00:00-04:00,177.96416078525905,179.95815698453364,176.33904901469543,179.11070251464844,10834800
2019-04-16 00:00:00-04:00,178.4626834859411,179.62916959154794,177.76478776630273,178.33306884765625,11215200
2019-04-17 00:00:00-04:00,179.0608777121591,180.197455019312,177.82459450264807,178.2433319091797,9973700
2019-04-18 00:00:00-04:00,178.2632705632011,178.34303223999888,176.8076465843645,177.7448272705078,11655600
2019-04-22 00:00:00-04:00,177.71491355287242,181.1246452720595,177.71491355287242,180.8953399658203,13389900
2019-04-23 00:00:00-04:00,182.191430714668,183.66698358183712,180.93520342445785,183.22830200195312,19954800
2019-04-24 00:00:00-04:00,183.9361914764472,184.5842341792629,181.1047052100458,182.03192138671875,37289900
2019-04-25 00:00:00-04:00,196.38870520254264,197.88420253320197,191.5432932426871,192.67987060546875,54148800
2019-04-26 00:00:00-04:00,191.9221543602293,192.3209475568227,188.5223868318745,190.91519165039065,22075000
2019-04-29 00:00:00-04:00,190.3767925247241,194.8234109399887,190.07769003897357,194.1952972412109,19641300
2019-04-30 00:00:00-04:00,193.6070798338536,196.79747098086105,191.70280965081707,192.81944274902344,23494700
2019-05-01 00:00:00-04:00,194.1953083752006,195.591099771417,192.4306172997815,192.4505615234375,15996600
2019-05-02 00:00:00-04:00,192.42064724275824,193.41764541500052,189.18040318297088,191.9520568847656,13209500
2019-05-03 00:00:00-04:00,193.7965001834171,195.57115562684325,193.1285132659912,194.8832244873047,14575400
2019-05-06 00:00:00-04:00,190.6659296706848,193.6967973209886,189.97799852036664,193.29800415039065,13994900
2019-05-07 00:00:00-04:00,191.96200640985344,192.32092633237133,187.28609812583392,189.2003326416016,16253000
2019-05-08 00:00:00-04:00,188.82146467483616,190.14747393915476,187.98398994357703,188.97100830078125,12505700
2019-05-09 00:00:00-04:00,186.63805018659653,189.2003427281401,185.70086949378268,188.0836944580078,12967000
2019-05-10 00:00:00-04:00,187.6849015032751,189.42964826359773,184.0358846277127,187.77462768554688,12578500
2019-05-13 00:00:00-04:00,182.9491639983677,184.8733631621669,180.29714521790171,180.9950408935547,16833300
2019-05-14 00:00:00-04:00,181.97210467130125,182.93919408360253,177.5653747205085,180.18746948242188,17628100
2019-05-15 00:00:00-04:00,179.8784155807491,186.71782392348464,179.47962238114934,185.7108612060547,16746900
2019-05-16 00:00:00-04:00,184.49450166951797,188.0139037497126,184.49450166951797,186.42868041992188,12953100
2019-05-17 00:00:00-04:00,184.2851485361563,187.01692915345612,183.7268319633909,184.7437744140625,10485400
2019-05-20 00:00:00-04:00,181.3340339684161,183.67697056519964,180.825555159964,182.1715087890625,10352000
2019-05-21 00:00:00-04:00,184.0159634648779,185.1425610761828,183.33799678406223,184.2652130126953,7502800
2019-05-22 00:00:00-04:00,184.17544671858383,186.17942254846855,183.0588137634525,184.76368713378903,9213800
2019-05-23 00:00:00-04:00,181.8724071143866,183.3479601688124,179.1306621051505,180.3270568847656,12768800
2019-05-24 00:00:00-04:00,181.7826713804896,183.0787719957372,180.2871741812772,180.5164794921875,8807700
2019-05-28 00:00:00-04:00,180.995039952764,184.15553751926583,180.9053137691432,183.75672912597656,14843300
2019-05-29 00:00:00-04:00,182.94916207733263,184.00597769122223,180.8056221218384,181.64309692382807,12797700
2019-05-30 00:00:00-04:00,182.53041423476176,182.9292073901389,180.34698595855983,182.4606170654297,8581500
2019-05-31 00:00:00-04:00,179.73883361574906,179.9980476701179,176.62820411138213,176.93727111816406,15226500
2019-06-03 00:00:00-04:00,174.47467793868114,174.52453088926055,160.52666820850868,163.65724182128906,56059600
2019-06-04 00:00:00-04:00,163.21856112340743,167.77483440344292,160.3571663108418,166.99717712402344,46044300
2019-06-05 00:00:00-04:00,166.9772452367663,168.21352841451264,164.13580964838334,167.66517639160156,19758300
2019-06-06 00:00:00-04:00,167.79479830260965,169.19058968244246,166.72800293782058,167.82470703125,12446400
2019-06-07 00:00:00-04:00,169.65918856697678,173.3480790100256,168.33317908306464,172.82965087890625,16917300
2019-06-10 00:00:00-04:00,174.22542987678105,177.3260947881147,173.27828465967588,174.29522705078125,14767900
=======
2019-03-20 00:00:00-04:00,161.01521442545828,165.62134138792587,160.75600036188163,164.94338989257812,20211500
2019-03-21 00:00:00-04:00,164.39502120609131,165.8905184025369,163.258443945312,165.58145141601562,16223000
2019-03-22 00:00:00-04:00,165.1527295082308,166.9174204083755,163.59741490321528,163.84666442871094,16389200
2019-03-25 00:00:00-04:00,162.51071496637772,166.0400820823631,161.51371671505024,165.79083251953125,12631200
2019-03-26 00:00:00-04:00,166.84763975339277,168.94132665609675,165.8506416436336,167.1766357421875,15437900
2019-03-27 00:00:00-04:00,167.3461529487663,168.43287732911423,164.29532569620653,165.37208557128906,10620300
2019-03-28 00:00:00-04:00,164.0760008346448,166.21954087629453,162.83971759179045,165.0530548095703,10443000
2019-03-29 00:00:00-04:00,165.8905184896367,166.6881200374233,164.3152596163288,166.1896209716797,13455500
2019-04-01 00:00:00-04:00,167.3262047169857,168.3929848482632,166.77785268082212,168.19358825683594,10381500
2019-04-02 00:00:00-04:00,169.6292532060247,174.37495860367318,169.04102798826463,173.67706298828125,23946500
2019-04-03 00:00:00-04:00,173.97616783507988,177.42578794259998,172.43081774294518,173.01904296875,27391100
2019-04-04 00:00:00-04:00,175.4916229248047,177.46567505056282,175.00308834265385,175.4916229248047,17847700
2019-04-05 00:00:00-04:00,176.34904167316688,176.46867658574783,174.57438614262017,175.19252014160156,9594100
2019-04-08 00:00:00-04:00,174.68406546635325,174.97318825750955,173.7069962537879,174.40489196777344,7297400
2019-04-09 00:00:00-04:00,175.09281293728253,178.65210368995028,175.02303097645742,177.04693603515625,19751000
2019-04-10 00:00:00-04:00,177.64511381729713,178.2532832656577,176.0100375449318,177.2862091064453,11701500
2019-04-11 00:00:00-04:00,177.70496196234782,177.86447011007138,176.46867873633394,176.97714233398438,8071000
2019-04-12 00:00:00-04:00,177.46567385996573,179.0907857415576,177.41582090898115,178.5623779296875,12329800
2019-04-15 00:00:00-04:00,177.96417594637197,179.958172315519,176.33906403736194,179.1107177734375,10834800
2019-04-16 00:00:00-04:00,178.4626834859411,179.62916959154794,177.76478776630273,178.33306884765625,11215200
2019-04-17 00:00:00-04:00,179.0608777121591,180.197455019312,177.82459450264807,178.2433319091797,9973700
2019-04-18 00:00:00-04:00,178.26328586649677,178.3430475501418,176.80766176269978,177.74484252929688,11655600
2019-04-22 00:00:00-04:00,177.7149285433878,181.1246605501908,177.7149285433878,180.89535522460935,13389900
2019-04-23 00:00:00-04:00,182.19144588710904,183.66699887715848,180.93521849228344,183.2283172607422,19954800
2019-04-24 00:00:00-04:00,183.9361914764472,184.5842341792629,181.1047052100458,182.03192138671875,37289900
2019-04-25 00:00:00-04:00,196.38868965004195,197.88418686226916,191.5432780739064,192.6798553466797,54148800
2019-04-26 00:00:00-04:00,191.92213902095932,192.3209321856794,188.52237176432905,190.9151763916016,22075000
2019-04-29 00:00:00-04:00,190.37680748347623,194.82342624813143,190.07770497422385,194.1953125,19641300
2019-04-30 00:00:00-04:00,193.6070645127348,196.79745540727023,191.70279448039287,192.8194274902344,23494700
2019-05-01 00:00:00-04:00,194.19529297807617,195.59108426362477,192.43060204257372,192.45054626464844,15996600
2019-05-02 00:00:00-04:00,192.42064724275824,193.41764541500052,189.18040318297088,191.9520568847656,13209500
2019-05-03 00:00:00-04:00,193.7965153571188,195.5711709394953,193.12852838739147,194.88323974609372,14575400
2019-05-06 00:00:00-04:00,190.6659296706848,193.6967973209886,189.97799852036664,193.29800415039065,13994900
2019-05-07 00:00:00-04:00,191.9620218913683,192.3209418428327,187.28611323024217,189.20034790039065,16253000
2019-05-08 00:00:00-04:00,188.8214799215501,190.14748929293955,187.98400512266764,188.9710235595703,12505700
2019-05-09 00:00:00-04:00,186.63805018659653,189.2003427281401,185.70086949378268,188.0836944580078,12967000
2019-05-10 00:00:00-04:00,187.6849015032751,189.42964826359773,184.0358846277127,187.77462768554688,12578500
2019-05-13 00:00:00-04:00,182.9491639983677,184.8733631621669,180.29714521790171,180.9950408935547,16833300
2019-05-14 00:00:00-04:00,181.97212008121832,182.93920957541548,177.5653897572511,180.1874847412109,17628100
2019-05-15 00:00:00-04:00,179.8784155807491,186.71782392348464,179.47962238114934,185.7108612060547,16746900
2019-05-16 00:00:00-04:00,184.4945167699986,188.0139191382488,184.4945167699986,186.4286956787109,12953100
2019-05-17 00:00:00-04:00,184.28513331524715,187.0169137069174,183.7268167885956,184.74375915527344,10485400
2019-05-20 00:00:00-04:00,181.3340187797744,183.67695518031223,180.8255400139128,182.17149353027344,10352000
2019-05-21 00:00:00-04:00,184.0159482267289,185.14254574474157,183.3379816020549,184.26519775390625,7502800
2019-05-22 00:00:00-04:00,184.1754619287928,186.1794379241768,183.05882888144384,184.76370239257807,9213800
2019-05-23 00:00:00-04:00,181.8724071143866,183.3479601688124,179.1306621051505,180.3270568847656,12768800
2019-05-24 00:00:00-04:00,181.7826713804896,183.0787719957372,180.2871741812772,180.5164794921875,8807700
2019-05-28 00:00:00-04:00,180.995039952764,184.15553751926583,180.9053137691432,183.75672912597656,14843300
2019-05-29 00:00:00-04:00,182.9491774458367,184.0059931485033,180.805637310276,181.6431121826172,12797700
2019-05-30 00:00:00-04:00,182.5304294993878,182.9292226881152,180.34700104059047,182.46063232421875,8581500
2019-05-31 00:00:00-04:00,179.73883361574906,179.9980476701179,176.62820411138213,176.93727111816406,15226500
2019-06-03 00:00:00-04:00,174.47467793868114,174.52453088926055,160.52666820850868,163.65724182128906,56059600
2019-06-04 00:00:00-04:00,163.21857603693852,167.7748497332877,160.35718096292285,166.9971923828125,46044300
2019-06-05 00:00:00-04:00,166.9772300405841,168.21351310581943,164.13579471079314,167.6651611328125,19758300
2019-06-06 00:00:00-04:00,167.79478304653992,169.19057429946602,166.72798777874496,167.82469177246094,12446400
2019-06-07 00:00:00-04:00,169.6591735881016,173.34806370546556,168.33316422126023,172.8296356201172,16917300
2019-06-10 00:00:00-04:00,174.22541462410243,177.32607926398634,173.27826948991571,174.2952117919922,14767900
>>>>>>> e449bea2185155843b42d9ec49e68bf9bed44428
2019-06-11 00:00:00-04:00,177.9442328789018,179.43973016547625,176.2593035019503,177.5653839111328,15266600
2019-06-12 00:00:00-04:00,177.84454240888363,178.7318701915025,172.36105235128747,174.51455688476562,17699800
2019-06-13 00:00:00-04:00,175.0030921832233,177.49558767402632,174.085855668166,176.93727111816406,12253600
2019-06-14 00:00:00-04:00,179.9681292695478,181.29413862495176,179.45966569342414,180.78567504882807,16773700
<<<<<<< HEAD
2019-06-17 00:00:00-04:00,184.45461916122107,188.9311462563168,183.8564294090444,188.44261169433597,29459900
2019-06-18 00:00:00-04:00,193.41764990199627,193.94605772850412,186.7178208120636,187.9042510986328,37571400
2019-06-19 00:00:00-04:00,186.43865096609835,187.53535499815143,183.99600858159928,186.91720581054688,21417100
2019-06-20 00:00:00-04:00,190.3767951283772,190.5861714351614,187.076733661193,188.9610595703125,14635700
2019-06-21 00:00:00-04:00,188.18339820753533,191.42364215018165,188.18339820753533,190.56622314453125,22751200
2019-06-24 00:00:00-04:00,191.8423982519557,193.3977130620362,190.9949588813276,192.02186584472656,15509000
2019-06-25 00:00:00-04:00,192.30101348350487,192.5602275331679,187.5652721369531,188.27313232421875,16750300
2019-06-26 00:00:00-04:00,188.97102589680236,190.1873648776927,186.7477242438241,187.0966796875,12808600
2019-06-27 00:00:00-04:00,189.310016514758,198.28300000337936,187.7048488599408,188.93115234375,11159000
2019-06-28 00:00:00-04:00,189.97801172793143,192.62005089603636,189.36984221204884,192.420654296875,16378900
2019-07-01 00:00:00-04:00,194.6240270320191,194.69380899588216,191.35385891123448,192.420654296875,14181800
2019-07-02 00:00:00-04:00,192.42064600235375,194.4146423339844,192.1315232279806,194.4146423339844,9050000
=======
2019-06-17 00:00:00-04:00,184.4546340970899,188.93116155466404,183.85644429647587,188.442626953125,29459900
2019-06-18 00:00:00-04:00,193.41764990199627,193.94605772850412,186.7178208120636,187.9042510986328,37571400
2019-06-19 00:00:00-04:00,186.43865096609835,187.53535499815143,183.99600858159928,186.91720581054688,21417100
2019-06-20 00:00:00-04:00,190.37681050148828,190.58618682517985,187.07674876782093,188.9610748291016,14635700
2019-06-21 00:00:00-04:00,188.18339820753533,191.42364215018165,188.18339820753533,190.56622314453125,22751200
2019-06-24 00:00:00-04:00,191.84238300742783,193.39769769391708,190.99494370414047,192.0218505859375,15509000
2019-06-25 00:00:00-04:00,192.30101348350487,192.5602275331679,187.5652721369531,188.27313232421875,16750300
2019-06-26 00:00:00-04:00,188.97101048514975,190.18734936684083,186.74770901349436,187.0966644287109,12808600
2019-06-27 00:00:00-04:00,189.310016514758,198.28300000337936,187.7048488599408,188.93115234375,11159000
2019-06-28 00:00:00-04:00,189.97799666284175,192.6200356214353,189.3698271951865,192.42063903808597,16378900
2019-07-01 00:00:00-04:00,194.6240115985045,194.69379355683392,191.35384373704136,192.42063903808597,14181800
2019-07-02 00:00:00-04:00,192.4206309000651,194.4146270751953,192.131508148384,194.4146270751953,9050000
>>>>>>> e449bea2185155843b42d9ec49e68bf9bed44428
2019-07-03 00:00:00-04:00,193.5771645429012,196.807428814056,193.5771645429012,196.6080322265625,10246100
2019-07-05 00:00:00-04:00,195.59108400111225,196.4784269329292,193.58712325533915,195.8104248046875,11164100
2019-07-08 00:00:00-04:00,194.604082214724,196.0895998049832,193.058731953212,195.17236328125,9723900
2019-07-09 00:00:00-04:00,194.38473699703283,198.86126431630973,194.304975316818,198.6120147705078,14698600
<<<<<<< HEAD
2019-07-10 00:00:00-04:00,199.39962877028069,202.35074996979395,199.0706175572516,202.12142944335935,20571700
2019-07-11 00:00:00-04:00,202.64983578657117,203.188223299654,199.6090036400595,200.6259307861328,13678500
2019-07-12 00:00:00-04:00,199.0805969538721,204.68373728627893,198.56216883363808,204.2550201416016,15366300
2019-07-15 00:00:00-04:00,203.636873060287,204.7136328927245,201.214174847041,203.2978973388672,16030300
2019-07-16 00:00:00-04:00,203.27795658886976,204.85321552547745,202.49033472705835,203.2281036376953,12132700
2019-07-17 00:00:00-04:00,203.56707437122864,203.7465419484573,200.9848528213739,201.19422912597656,12083700
2019-07-18 00:00:00-04:00,199.54917815324748,201.86222121582583,198.7815005137232,200.1772918701172,11937900
2019-07-19 00:00:00-04:00,201.5730819694525,201.72264082219507,197.47543411023875,197.7645568847656,12098300
2019-07-22 00:00:00-04:00,199.3099077617881,201.9619265443856,198.2132036898915,201.71267700195312,13589000
2019-07-23 00:00:00-04:00,202.23110307482307,203.62690962627937,200.35675687930177,201.75254821777344,14583700
2019-07-24 00:00:00-04:00,197.03674346644885,204.19518267100065,196.6279705858366,204.04563903808597,32532500
2019-07-25 00:00:00-04:00,206.07950713592217,208.03363013321464,197.6648406190837,200.1074981689453,39889900
2019-07-26 00:00:00-04:00,199.58905697506253,202.2709843640091,195.66088193050763,199.1503753662109,24434000
2019-07-29 00:00:00-04:00,198.4026493319432,199.03076308994352,194.7137588944992,195.35183715820312,16530800
2019-07-30 00:00:00-04:00,194.8034607848612,198.113501823856,192.9191349588983,196.4485015869141,11903600
2019-07-31 00:00:00-04:00,196.3587937363002,198.1633580560677,192.10160713472024,193.6469573974609,14593500
=======
2019-07-10 00:00:00-04:00,199.3996438235924,202.35076524589516,199.07063258572515,202.12144470214844,20571700
2019-07-11 00:00:00-04:00,202.64983578657117,203.188223299654,199.6090036400595,200.6259307861328,13678500
2019-07-12 00:00:00-04:00,199.0805820816363,204.68372199546275,198.5621540001312,204.2550048828125,15366300
2019-07-15 00:00:00-04:00,203.636873060287,204.7136328927245,201.214174847041,203.2978973388672,16030300
2019-07-16 00:00:00-04:00,203.2779718514019,204.85323090628327,202.4903499304542,203.2281188964844,12132700
2019-07-17 00:00:00-04:00,203.56707437122864,203.7465419484573,200.9848528213739,201.19422912597656,12083700
2019-07-18 00:00:00-04:00,199.54919336415773,201.862236603051,198.78151566611615,200.17730712890625,11937900
2019-07-19 00:00:00-04:00,201.5730975220934,201.72265638637543,197.47544934672015,197.7645721435547,12098300
2019-07-22 00:00:00-04:00,199.3098926847593,201.9619112667417,198.21318869582413,201.7126617431641,13589000
2019-07-23 00:00:00-04:00,202.23110307482307,203.62690962627937,200.35675687930177,201.75254821777344,14583700
2019-07-24 00:00:00-04:00,197.03674346644885,204.19518267100065,196.6279705858366,204.04563903808597,32532500
2019-07-25 00:00:00-04:00,206.07952285009455,208.0336459963947,197.6648556916129,200.1075134277344,39889900
2019-07-26 00:00:00-04:00,199.58905697506253,202.2709843640091,195.66088193050763,199.1503753662109,24434000
2019-07-29 00:00:00-04:00,198.40263383485745,199.03074754379625,194.71374368555,195.3518218994141,16530800
2019-07-30 00:00:00-04:00,194.80347591587463,198.113517211971,192.91914994355005,196.44851684570312,11903600
2019-07-31 00:00:00-04:00,196.35877826382676,198.1633424414001,192.10159199770004,193.64694213867188,14593500
>>>>>>> e449bea2185155843b42d9ec49e68bf9bed44428
2019-08-01 00:00:00-04:00,193.58713858166848,197.8742338823439,190.30702119885223,192.1514587402344,17777000
2019-08-02 00:00:00-04:00,190.52634887999315,192.041775085452,187.50544576072505,188.4525909423828,15297000
2019-08-05 00:00:00-04:00,184.1355846203287,185.1126385151278,178.8016386104156,181.18446350097656,23086700
2019-08-06 00:00:00-04:00,183.1386003745256,185.23228745052864,182.5403953739618,183.9561309814453,18035700
<<<<<<< HEAD
2019-08-07 00:00:00-04:00,183.0488576171298,185.81053140639295,180.6759972661536,184.5941925048828,15833200
=======
2019-08-07 00:00:00-04:00,183.04887274817955,185.81054676572612,180.6760122010597,184.59420776367188,15833200
>>>>>>> e449bea2185155843b42d9ec49e68bf9bed44428
2019-08-08 00:00:00-04:00,186.05979038355,189.7686247285297,183.4975130419341,189.58917236328125,14828900
2019-08-09 00:00:00-04:00,189.42964216049177,190.4066960551577,186.55828271643048,187.28610229492188,11058800
2019-08-12 00:00:00-04:00,186.28910577628076,187.02687465260888,183.9062808656045,184.81353759765625,10930900
<<<<<<< HEAD
2019-08-13 00:00:00-04:00,184.96309541424208,190.8055050038201,184.8135365685065,187.88429260253903,13577000
2019-08-14 00:00:00-04:00,185.2422626780451,185.4316947640642,178.7717390903154,179.17054748535156,18903700
2019-08-15 00:00:00-04:00,180.40682416880756,182.65007015513336,179.48958763551255,182.0419006347656,12925900
2019-08-16 00:00:00-04:00,183.19839725813597,184.5443507517564,181.81257053501548,183.14854431152344,12654600
2019-08-19 00:00:00-04:00,185.45160641765756,186.93713902578975,184.29510021275195,185.6111297607422,9691200
2019-08-20 00:00:00-04:00,184.89330081774983,185.4416528337799,181.8424889632716,183.2582244873047,10083400
2019-08-21 00:00:00-04:00,184.444652411774,185.34194463561064,182.59023529792543,182.9990081787109,8398200
2019-08-22 00:00:00-04:00,182.8793570456276,183.5573236749996,179.36993463199966,181.4935302734375,10821400
2019-08-23 00:00:00-04:00,180.29713593757384,182.580270146173,176.1296911081941,177.21641540527344,17323400
=======
2019-08-13 00:00:00-04:00,184.96311043578973,190.80552049985172,184.81355157790796,187.88430786132807,13577000
2019-08-14 00:00:00-04:00,185.2422469021676,185.431678972054,178.77172386549026,179.1705322265625,18903700
2019-08-15 00:00:00-04:00,180.40682416880756,182.65007015513336,179.48958763551255,182.0419006347656,12925900
2019-08-16 00:00:00-04:00,183.19841252107844,184.5443661268353,181.8125856824996,183.1485595703125,12654600
2019-08-19 00:00:00-04:00,185.4516216633324,186.93715439358792,184.29511536335235,185.61114501953125,9691200
2019-08-20 00:00:00-04:00,184.89330081774983,185.4416528337799,181.8424889632716,183.2582244873047,10083400
2019-08-21 00:00:00-04:00,184.44466779110348,185.341960089758,182.59025052263027,182.9990234375,8398200
2019-08-22 00:00:00-04:00,182.8793724209279,183.55733910729893,179.36994971225067,181.49354553222656,10821400
2019-08-23 00:00:00-04:00,180.29715146162087,182.58028586680376,176.1297062734134,177.2164306640625,17323400
>>>>>>> e449bea2185155843b42d9ec49e68bf9bed44428
2019-08-26 00:00:00-04:00,178.86146333212702,179.95816739033674,177.70495703154216,179.81858825683594,8773600
2019-08-27 00:00:00-04:00,181.38386631257788,183.48753301974645,180.46662983919893,180.7557678222656,14399600
2019-08-28 00:00:00-04:00,179.98806731369754,181.40380280223488,178.38289975046436,181.21437072753903,9386100
2019-08-29 00:00:00-04:00,183.2183549923897,185.5214182937024,182.91925250363823,185.0129547119141,10128700
<<<<<<< HEAD
2019-08-30 00:00:00-04:00,186.2193242601589,186.23926848397485,182.90929811702813,185.11265563964844,10774500
=======
2019-08-30 00:00:00-04:00,186.21930891014745,186.23925313231936,182.9092830398613,185.11264038085935,10774500
>>>>>>> e449bea2185155843b42d9ec49e68bf9bed44428
2019-09-03 00:00:00-04:00,183.44766646942367,185.112651616713,181.56334050388224,181.84249877929688,9779400
2019-09-04 00:00:00-04:00,184.0957009595904,187.1864012870741,183.3379878478324,186.57823181152344,11308000
2019-09-05 00:00:00-04:00,187.96406921014807,190.7855759384218,187.37584392394936,190.3269500732422,13876700
2019-09-06 00:00:00-04:00,189.63902119196305,189.63902119196305,185.79060779776867,186.92718505859372,15226800
2019-09-09 00:00:00-04:00,187.16646770549107,188.41271545468624,185.2921214355315,188.19337463378903,14722400
<<<<<<< HEAD
2019-09-10 00:00:00-04:00,186.8773215753789,187.53534395586564,183.99599774771403,185.6111297607422,15455900
=======
2019-09-10 00:00:00-04:00,186.8773369382595,187.5353593728412,183.9960128737257,185.61114501953125,15455900
>>>>>>> e449bea2185155843b42d9ec49e68bf9bed44428
2019-09-11 00:00:00-04:00,185.90027413253952,188.8713242382784,185.521409982894,187.92417907714844,11761700
2019-09-12 00:00:00-04:00,189.29006675842584,190.35684685346988,186.66795679191287,186.90724182128903,11419800
2019-09-13 00:00:00-04:00,186.7676766751876,187.40575492165007,185.98003956929745,186.6280975341797,11441100
2019-09-16 00:00:00-04:00,186.3688556459504,187.2262746578049,185.2123493614595,185.66099548339844,8444800
2019-09-17 00:00:00-04:00,186.09967584839077,187.75469640643652,184.98302759045237,187.51541137695312,9671100
<<<<<<< HEAD
2019-09-18 00:00:00-04:00,187.5253881361773,188.51242183269048,185.4516300507564,187.5752410888672,9681900
2019-09-19 00:00:00-04:00,188.0936761119873,190.5263540512303,187.5851973151712,189.56922912597656,10392700
2019-09-20 00:00:00-04:00,190.08766761260748,192.52034549022864,187.55528383653265,189.3598480224609,19934200
2019-09-23 00:00:00-04:00,188.77162542588468,189.5293537536097,184.65403342526136,186.2592010498047,13327600
2019-09-24 00:00:00-04:00,187.4157091906065,187.47552664591623,179.84849683423616,180.7358245849609,18546600
2019-09-25 00:00:00-04:00,180.90532802595797,182.8694157803628,177.3360724929021,182.25128173828125,18068300
=======
2019-09-18 00:00:00-04:00,187.52537288144364,188.512406497664,185.4516149647179,187.57522583007807,9681900
2019-09-19 00:00:00-04:00,188.0936609719683,190.52633871540044,187.58518221608068,189.5692138671875,10392700
2019-09-20 00:00:00-04:00,190.0876829300449,192.52036100369344,187.5552989499083,189.35986328125,19934200
2019-09-23 00:00:00-04:00,188.77164089049745,189.52936928029732,184.65404855255136,186.25921630859372,13327600
2019-09-24 00:00:00-04:00,187.4157091906065,187.47552664591623,179.84849683423616,180.7358245849609,18546600
2019-09-25 00:00:00-04:00,180.90529773375684,182.86938515927943,177.336042798365,182.25125122070312,18068300
>>>>>>> e449bea2185155843b42d9ec49e68bf9bed44428
2019-09-26 00:00:00-04:00,180.7856748875983,180.8554568467761,177.1366580373034,179.5693359375,16083300
2019-09-27 00:00:00-04:00,179.9481976807171,180.21737622205015,175.13269489474277,176.56837463378906,14656200
2019-09-30 00:00:00-04:00,177.33604911803667,178.1336506493553,176.31912199826473,177.54542541503906,10740000
2019-10-01 00:00:00-04:00,178.61221198174738,179.30014313737772,174.35504084664603,175.28224182128906,17073000
2019-10-02 00:00:00-04:00,174.31515177616217,176.00008107292612,172.5704050248596,174.0758819580078,16151700
2019-10-03 00:00:00-04:00,175.04297686342474,179.3001481167527,173.10879797010747,178.84153747558594,16086300
2019-10-04 00:00:00-04:00,179.01101770261926,180.4367177296201,177.5653734533362,179.90830993652344,10430200
<<<<<<< HEAD
2019-10-07 00:00:00-04:00,179.45965643265666,180.63610687814972,177.55538642717187,179.14060974121094,9178300
2019-10-08 00:00:00-04:00,177.72487896858058,179.82854560525817,177.18650667878384,177.21641540527344,9466900
2019-10-09 00:00:00-04:00,178.62217328540552,180.17748780058864,177.40583445420174,179.3101043701172,7556900
2019-10-10 00:00:00-04:00,179.77871623390044,181.06483717174132,178.6321592175148,179.4895782470703,8605000
2019-10-11 00:00:00-04:00,181.6032153799015,185.93019911392787,181.59325087461264,183.63710021972656,14930500
2019-10-14 00:00:00-04:00,183.64706439429105,184.0658018104456,182.0219676819976,182.72982788085935,7006000
2019-10-15 00:00:00-04:00,183.2482657790894,189.80851553068737,183.10868664450155,188.32298278808597,15039100
2019-10-16 00:00:00-04:00,187.7547144997205,189.13056171612925,186.3389636217428,188.98101806640625,10516900
2019-10-17 00:00:00-04:00,189.72874000933152,190.26711228546657,188.2033341451348,189.81846618652344,9603000
=======
2019-10-07 00:00:00-04:00,179.4596717186214,180.63612226432184,177.55540155093522,179.140625,9178300
2019-10-08 00:00:00-04:00,177.72489427114965,179.82856108895837,177.18652193499767,177.2164306640625,9466900
2019-10-09 00:00:00-04:00,178.6222036859016,180.1775184657906,177.40586464768373,179.3101348876953,7556900
2019-10-10 00:00:00-04:00,179.77870095053112,181.06482177903615,178.63214403161675,179.48956298828125,8605000
2019-10-11 00:00:00-04:00,181.6032153799015,185.93019911392787,181.59325087461264,183.63710021972656,14930500
2019-10-14 00:00:00-04:00,183.64706439429105,184.0658018104456,182.0219676819976,182.72982788085935,7006000
2019-10-15 00:00:00-04:00,183.2482509314771,189.80850015153365,183.1086718081986,188.32296752929688,15039100
2019-10-16 00:00:00-04:00,187.7546993399462,189.13054644526565,186.33894857627965,188.9810028076172,10516900
2019-10-17 00:00:00-04:00,189.72875526090783,190.2671275803206,188.20334927408948,189.8184814453125,9603000
>>>>>>> e449bea2185155843b42d9ec49e68bf9bed44428
2019-10-18 00:00:00-04:00,189.6589558570027,190.9151832758391,183.36789989684172,185.2921142578125,16874200
2019-10-21 00:00:00-04:00,186.47853239298345,189.3399275067333,186.1894096152728,189.19036865234372,8122600
2019-10-22 00:00:00-04:00,189.42964228624436,190.07768497729316,180.9551582892281,181.79263305664065,19537600
2019-10-23 00:00:00-04:00,181.46362999981864,185.82052231284925,181.4536654948725,185.59120178222656,12300400
2019-10-24 00:00:00-04:00,184.06578447083297,186.16945107168937,182.25125583843123,185.8205108642578,11413500
2019-10-25 00:00:00-04:00,185.27215984664684,188.4326420168207,184.53437577159997,187.3259735107422,8061200
<<<<<<< HEAD
2019-10-28 00:00:00-04:00,186.6380433554024,188.9610507798245,184.52441222802435,188.83143615722656,13657900
2019-10-29 00:00:00-04:00,191.1145749066768,191.9520496888486,187.90423969536724,188.74171447753903,13574900
2019-10-30 00:00:00-04:00,188.9909711779846,189.87829894314496,185.4217158942539,187.68490600585935,28734600
=======
2019-10-28 00:00:00-04:00,186.63805843695127,188.9610660490872,184.5244271387783,188.8314514160156,13657900
2019-10-29 00:00:00-04:00,191.1145749066768,191.9520496888486,187.90423969536724,188.74171447753903,13574900
2019-10-30 00:00:00-04:00,188.9909558130124,189.878283506033,185.42170081946227,187.6848907470703,28734600
>>>>>>> e449bea2185155843b42d9ec49e68bf9bed44428
2019-10-31 00:00:00-04:00,196.1095355360657,197.49536237352672,187.68490410489704,191.0746917724609,42286500
2019-11-01 00:00:00-04:00,192.27109497816303,193.5273071421688,189.33991804916556,193.0387725830078,21711800
2019-11-04 00:00:00-05:00,193.96601017203747,196.77753729138007,193.228225999522,194.135498046875,16371300
2019-11-05 00:00:00-05:00,194.78351491707252,195.16237906514948,193.0188392244678,193.73667907714844,9942000
2019-11-06 00:00:00-05:00,193.4475573520556,193.7865330851246,190.77560950835647,190.9750061035156,10973000
2019-11-07 00:00:00-05:00,191.3339214137589,192.85932738851236,188.9012434581304,189.848388671875,13473000
<<<<<<< HEAD
2019-11-08 00:00:00-05:00,189.42964557935667,191.7626175632704,189.13054309637133,190.26712036132807,10760800
=======
2019-11-08 00:00:00-05:00,189.42966077098305,191.76263294199336,189.1305582640107,190.2671356201172,10760800
>>>>>>> e449bea2185155843b42d9ec49e68bf9bed44428
2019-11-11 00:00:00-05:00,189.35986403819456,189.5094228985245,187.97403712518928,189.04083251953125,8631200
2019-11-12 00:00:00-05:00,189.42964754370925,194.4744557231642,189.17043350269225,193.88623046875,17615500
2019-11-13 00:00:00-05:00,194.115538648752,195.11253680844047,192.161430775034,192.61007690429688,10860700
2019-11-14 00:00:00-05:00,192.3508496152722,193.4475536873487,190.8752965834659,192.5701904296875,9040500
2019-11-15 00:00:00-05:00,193.67686845507316,194.71375512161683,192.7995203675964,194.5143585205078,11524300
2019-11-18 00:00:00-05:00,193.9759478708124,198.03373743939375,192.470486216728,196.8074188232422,16167200
2019-11-19 00:00:00-05:00,196.8074298412149,199.3996311311132,196.2690575308741,198.7216796875,19056800
<<<<<<< HEAD
2019-11-20 00:00:00-05:00,197.98390966250068,198.9908723946853,194.8433561209397,196.9171142578125,12355400
2019-11-21 00:00:00-05:00,196.82736712369544,198.4923521593736,196.26905061029248,197.33583068847656,12131000
2019-11-22 00:00:00-05:00,197.78450866358895,198.7017451861092,197.0267802919093,198.2231903076172,9959800
2019-11-25 00:00:00-05:00,198.92108328266087,200.36672761668467,198.65188951151637,199.1902618408203,15272300
2019-11-26 00:00:00-05:00,199.39963333506648,199.54917697487392,197.4455102346696,198.3727264404297,11735500
2019-11-27 00:00:00-05:00,199.29992873258288,202.53020829034597,198.8213738690944,201.3936309814453,12736600
2019-11-29 00:00:00-05:00,200.9948405113651,203.18823347937115,200.60601182709576,201.0347137451172,7985200
2019-12-02 00:00:00-05:00,201.5232382858357,201.5730760222948,197.4554840616028,199.10052490234372,11503400
=======
2019-11-20 00:00:00-05:00,197.98389432104736,198.99085697520408,194.8433410228428,196.91709899902344,12355400
2019-11-21 00:00:00-05:00,196.82736712369544,198.4923521593736,196.26905061029248,197.33583068847656,12131000
2019-11-22 00:00:00-05:00,197.78450866358895,198.7017451861092,197.0267802919093,198.2231903076172,9959800
2019-11-25 00:00:00-05:00,198.921068044492,200.36671226777352,198.6518742939688,199.19024658203125,15272300
2019-11-26 00:00:00-05:00,199.399617997288,199.5491616255925,197.4454950472018,198.37271118164065,11735500
2019-11-27 00:00:00-05:00,199.29991363242527,202.530192945443,198.821358805195,201.39361572265625,12736600
2019-11-29 00:00:00-05:00,200.9948405113651,203.18823347937115,200.60601182709576,201.0347137451172,7985200
2019-12-02 00:00:00-05:00,201.52325373029817,201.5730914705768,197.4554991943182,199.1005401611328,11503400
>>>>>>> e449bea2185155843b42d9ec49e68bf9bed44428
2019-12-03 00:00:00-05:00,197.00685128117,198.33284550563891,194.4944115463628,198.2231903076172,11595300
2019-12-04 00:00:00-05:00,199.39963105844973,199.4295397860697,197.4554876982268,198.11351013183597,8456300
2019-12-05 00:00:00-05:00,199.2600499760902,200.6857500219795,197.6150091211434,198.7615509033203,9740400
2019-12-06 00:00:00-05:00,199.89813538435337,200.964930740757,199.45945375042984,200.4464874267578,12270600
2019-12-09 00:00:00-05:00,200.04767978003176,202.53021073791453,199.60901335744057,200.7356109619141,11954800
<<<<<<< HEAD
2019-12-10 00:00:00-05:00,201.054650607684,201.44347927771796,199.5491736646675,200.2670135498047,9475700
2019-12-11 00:00:00-05:00,199.67879514466105,202.0217469630785,199.67879514466105,201.65284729003903,8036800
2019-12-12 00:00:00-05:00,201.74258924346168,203.04865443447588,193.5173541999445,196.15939331054688,23734800
=======
2019-12-10 00:00:00-05:00,201.0546659264849,201.4434946261445,199.54918886876277,200.26702880859372,9475700
2019-12-11 00:00:00-05:00,199.67878003524572,202.0217316763753,199.67878003524572,201.65283203125,8036800
2019-12-12 00:00:00-05:00,201.7425735503686,203.048638639787,193.51733914667355,196.1593780517578,23734800
>>>>>>> e449bea2185155843b42d9ec49e68bf9bed44428
2019-12-13 00:00:00-05:00,195.8104323225876,196.209240713938,192.5901325289792,193.52731323242188,18798000
2019-12-16 00:00:00-05:00,194.68382775818637,198.52226140434692,194.22520192784543,197.32586669921875,14911500
2019-12-17 00:00:00-05:00,198.24312553358075,198.4026489024078,195.5412688341316,197.7944793701172,10175700
2019-12-18 00:00:00-05:00,199.4893663055712,203.68673542378195,199.4893663055712,201.8921356201172,23274400
2019-12-19 00:00:00-05:00,202.1712840460484,205.68072180073315,201.902090285372,205.44143676757807,16514600
2019-12-20 00:00:00-05:00,206.8571756336445,207.0864961656297,202.8193300107131,205.68072509765625,27306900
2019-12-23 00:00:00-05:00,206.079524254636,207.96385023823933,205.062581834172,205.5610809326172,13348900
2019-12-24 00:00:00-05:00,205.68072293877287,206.16924229964707,204.38462229140123,204.50425720214844,6046300
2019-12-26 00:00:00-05:00,204.95292254982365,207.1961684480923,204.6936932874912,207.16624450683597,9350700
2019-12-27 00:00:00-05:00,208.04360758772856,208.3028216368481,205.9698495558176,207.47532653808597,10284200
2019-12-30 00:00:00-05:00,207.2360426618936,207.2759158954492,203.2879231685489,203.79640197753903,10524300
<<<<<<< HEAD
2019-12-31 00:00:00-05:00,203.3876176989761,204.94293234142023,202.9888245337796,204.6338653564453,8953500
2020-01-02 00:00:00-05:00,206.1293654080675,209.16023305941133,205.65081056058887,209.1502685546875,12077100
2020-01-03 00:00:00-05:00,206.5880007870476,209.76841222105327,206.328771522412,208.04360961914065,11188400
2020-01-06 00:00:00-05:00,206.07952402682412,212.14127488277464,205.9000716538152,211.9618225097656,17058900
2020-01-07 00:00:00-05:00,212.18115559308487,213.9358668770152,211.1143602602574,212.42042541503903,14912400
2020-01-08 00:00:00-05:00,212.36062207250967,215.5909018004283,211.971793373009,214.57395935058597,13475000
2020-01-09 00:00:00-05:00,216.88698597235185,217.72447603858555,215.6307736924796,217.64471435546875,12642800
2020-01-10 00:00:00-05:00,218.54198803136836,219.219954673554,216.7673325690656,217.4054107666016,12119400
2020-01-13 00:00:00-05:00,218.94080264471552,221.3036834224897,218.5519739697276,221.24386596679688,14463400
2020-01-14 00:00:00-05:00,220.9447530227181,221.71244583142143,217.97370289764933,218.40240478515625,13288900
2020-01-15 00:00:00-05:00,219.94777268725983,221.01455284651465,219.47918231797496,220.48614501953125,10036500
2020-01-16 00:00:00-05:00,221.9018801074957,221.96169756095168,219.7284162830293,221.10427856445312,10015300
2020-01-17 00:00:00-05:00,221.3634893892993,221.6227034215097,219.86799222265736,221.47315979003903,15905900
2020-01-21 00:00:00-05:00,221.4931237344224,221.70248483712356,218.4622406875433,220.77528381347656,14275800
=======
2019-12-31 00:00:00-05:00,203.3876328648371,204.9429476232553,202.98883966990405,204.6338806152344,8953500
2020-01-02 00:00:00-05:00,206.1293654080675,209.16023305941133,205.65081056058887,209.1502685546875,12077100
2020-01-03 00:00:00-05:00,206.5880007870476,209.76841222105327,206.328771522412,208.04360961914065,11188400
2020-01-06 00:00:00-05:00,206.07950919149224,212.14125961106708,205.9000568314017,211.96180725097656,17058900
2020-01-07 00:00:00-05:00,212.1811403514833,213.9358515093675,211.1143450952869,212.42041015625,14912400
2020-01-08 00:00:00-05:00,212.3606069711155,215.5908864693224,211.9717782992652,214.57394409179688,13475000
2020-01-09 00:00:00-05:00,216.88697076668612,217.7244607742045,215.63075857488533,217.6446990966797,12642800
2020-01-10 00:00:00-05:00,218.54198803136836,219.219954673554,216.7673325690656,217.4054107666016,12119400
2020-01-13 00:00:00-05:00,218.94080264471552,221.3036834224897,218.5519739697276,221.24386596679688,14463400
2020-01-14 00:00:00-05:00,220.9447530227181,221.71244583142143,217.97370289764933,218.40240478515625,13288900
2020-01-15 00:00:00-05:00,219.94775746572896,221.014537551157,219.47916712887297,220.4861297607422,10036500
2020-01-16 00:00:00-05:00,221.90189542132865,221.9617128789127,219.7284314468677,221.1042938232422,10015300
2020-01-17 00:00:00-05:00,221.36350464053243,221.62271869060183,219.86800737085557,221.47317504882807,15905900
2020-01-21 00:00:00-05:00,221.4931084260201,221.70246951425136,218.4622255886192,220.7752685546875,14275800
>>>>>>> e449bea2185155843b42d9ec49e68bf9bed44428
2020-01-22 00:00:00-05:00,221.6426580886263,222.0813397122589,220.61575120284292,220.6556396484375,12212800
2020-01-23 00:00:00-05:00,220.08734493939156,220.82512905821844,218.6117919147224,219.10031127929688,11195000
2020-01-24 00:00:00-05:00,220.13719721219087,221.1142511513152,215.46127339833347,217.2857818603516,11905800
2020-01-27 00:00:00-05:00,212.46031504603104,215.4114210951504,211.86211006183905,214.22499084472656,13810700
2020-01-28 00:00:00-05:00,215.49118953012265,218.08339092558077,212.8790591240888,217.13623046875,13413800
2020-01-29 00:00:00-05:00,220.77527076846337,223.52698016084116,217.79424085031587,222.5598907470703,33181300
<<<<<<< HEAD
2020-01-30 00:00:00-05:00,205.91002185575357,210.79530659057,204.1353664075641,208.9010162353516,48775500
2020-01-31 00:00:00-05:00,207.8043108314601,208.0635400789475,200.4564395558482,201.30389404296875,31359900
2020-02-03 00:00:00-05:00,202.8293082641769,204.52420209491444,201.89212755896145,203.5770568847656,15495600
2020-02-04 00:00:00-05:00,205.9997633594,209.9678271515146,204.58402773997165,209.20013427734372,19628900
2020-02-05 00:00:00-05:00,211.872083434185,212.09142425670305,208.08350241902312,209.4792938232422,12538200
2020-02-06 00:00:00-05:00,209.83819212680987,210.5560319785948,208.71157940134503,210.2170562744141,10567500
2020-02-07 00:00:00-05:00,209.6687067368651,212.1811462476159,209.29980708929287,211.69261169433597,12242500
2020-02-10 00:00:00-05:00,210.88505494322317,213.15820952969503,210.0276359175901,212.42042541503903,11856400
2020-02-11 00:00:00-05:00,209.55903324285285,210.227020144836,205.8900723211289,206.5680389404297,25030800
2020-02-12 00:00:00-05:00,207.22606635422645,210.58594516712347,206.77740502761563,210.1273193359375,13813700
=======
2020-01-30 00:00:00-05:00,205.91003689607095,210.795321987724,204.1353813182551,208.90103149414065,48775500
2020-01-31 00:00:00-05:00,207.8043108314601,208.0635400789475,200.4564395558482,201.30389404296875,31359900
2020-02-03 00:00:00-05:00,202.8293082641769,204.52420209491444,201.89212755896145,203.5770568847656,15495600
2020-02-04 00:00:00-05:00,205.9997483340419,209.96781183673104,204.58401281787548,209.2001190185547,19628900
2020-02-05 00:00:00-05:00,211.87206800110152,212.09140880764244,208.0834872619056,209.47927856445312,12538200
2020-02-06 00:00:00-05:00,209.8382073580988,210.5560472619887,208.71159455085777,210.21707153320312,10567500
2020-02-07 00:00:00-05:00,209.6687218497712,212.1811615416185,209.29982217560877,211.692626953125,12242500
2020-02-10 00:00:00-05:00,210.8850397947243,213.1581942179088,210.0276208306822,212.42041015625,11856400
2020-02-11 00:00:00-05:00,209.559048722581,210.22703567390707,205.89008752983787,206.56805419921875,25030800
2020-02-12 00:00:00-05:00,207.2260814023356,210.5859604592165,206.7774200431444,210.12733459472656,13813700
>>>>>>> e449bea2185155843b42d9ec49e68bf9bed44428
2020-02-13 00:00:00-05:00,208.8910547042016,213.68661332700825,208.5520637744872,212.50018310546875,15396600
2020-02-14 00:00:00-05:00,213.3576112278702,214.28481223611368,212.01165759521064,213.5370635986328,10741700
2020-02-18 00:00:00-05:00,212.9089524308476,217.32564681810223,212.7593935844515,217.1461944580078,15609200
2020-02-19 00:00:00-05:00,217.3356267480529,217.664637954865,215.4612654048753,216.83712768554688,12135100
2020-02-20 00:00:00-05:00,215.87003078011884,218.1132764833845,212.31074029537183,213.93585205078125,13109200
2020-02-21 00:00:00-05:00,212.83915383675756,213.59688214226932,208.20311867617528,209.54905700683597,14092300
2020-02-24 00:00:00-05:00,201.19422194418595,203.0386593226788,197.57511393127007,200.11746215820312,23080100
2020-02-25 00:00:00-05:00,201.64288232602348,202.8891300536256,195.3617907363118,196.1793365478516,21433500
2020-02-26 00:00:00-05:00,196.5980677217324,200.6060045461856,194.90317390856063,196.6080322265625,16524500
2020-02-27 00:00:00-05:00,191.24419819800693,195.29200837490237,188.93115511807528,189.18040466308597,21682600
2020-02-28 00:00:00-05:00,182.15156587675537,192.1614362019947,181.2742178162813,191.89224243164065,32568900
2020-03-02 00:00:00-05:00,193.44755725323577,195.9799411707164,188.28311394022344,195.85032653808597,24949000
2020-03-03 00:00:00-05:00,195.63097818750464,196.64792056002315,183.41775085141143,185.3319854736328,27984100
2020-03-04 00:00:00-05:00,188.6021351736405,191.254153861062,185.83048157830007,191.18435668945312,23062500
2020-03-05 00:00:00-05:00,186.21931867786947,188.42269134742472,183.33799454874944,184.61415100097656,19333400
2020-03-06 00:00:00-05:00,177.79467737174085,183.22831410779423,175.73088395174594,180.54638671875,24559600
2020-03-09 00:00:00-04:00,169.0908863165726,174.47467005006683,164.69412098019478,168.99118041992188,29949000
2020-03-10 00:00:00-04:00,174.14566778771004,177.75479627960547,168.9911890962899,177.6551055908203,24517800
<<<<<<< HEAD
2020-03-11 00:00:00-04:00,173.4876299273724,175.35202667646274,167.15670126529002,169.7289581298828,20373900
2020-03-12 00:00:00-04:00,159.06105871292297,166.09987757037194,153.87667200928342,154.00628662109375,43266300
=======
2020-03-11 00:00:00-04:00,173.4876455240695,175.35204244077082,167.15671629283085,169.72897338867188,20373900
2020-03-12 00:00:00-04:00,159.0610744725338,166.09989402738194,153.8766872552304,154.0063018798828,43266300
>>>>>>> e449bea2185155843b42d9ec49e68bf9bed44428
2020-03-13 00:00:00-04:00,163.0391070587127,170.27730818683222,157.1269153022086,169.7688446044922,35028600
2020-03-16 00:00:00-04:00,151.8627724423831,158.65232771973157,142.67044786273803,145.5717010498047,39120400
2020-03-17 00:00:00-04:00,150.28749556923466,153.47788637230732,139.579730748033,148.97145080566406,34255600
2020-03-18 00:00:00-04:00,139.3304962605274,147.73518365222125,136.68845715723913,146.51885986328125,37553100
2020-03-19 00:00:00-04:00,146.17986607236742,159.44990921337072,144.36533732296564,152.6703338623047,39862300
2020-03-20 00:00:00-04:00,155.55165989179835,158.79190396822784,147.55573024971198,149.28053283691406,32568400
2020-03-23 00:00:00-04:00,149.21075606084082,151.8527952374786,141.822995658715,147.6554412841797,29830800
2020-03-24 00:00:00-04:00,154.74409650616343,160.82577636655574,152.11202188045266,160.49676513671875,30440400
2020-03-25 00:00:00-04:00,158.442960878079,162.50075107864987,152.60055049455758,155.74110412597656,35184300
<<<<<<< HEAD
2020-03-26 00:00:00-04:00,157.77496837822815,163.50770814552556,156.5486648267727,162.8496856689453,26556800
2020-03-27 00:00:00-04:00,157.72510700433168,159.60943293177118,154.28546637017828,156.3193359375,24879900
=======
2020-03-26 00:00:00-04:00,157.77495359493304,163.50769282508068,156.5486501583805,162.84967041015625,26556800
2020-03-27 00:00:00-04:00,157.7250916083212,159.6094173518261,154.28545130992123,156.31932067871094,24879900
>>>>>>> e449bea2185155843b42d9ec49e68bf9bed44428
2020-03-30 00:00:00-04:00,158.7021613914761,166.2494448402811,157.5855283092797,165.45184326171875,22515200
2020-03-31 00:00:00-04:00,164.98324109629093,170.41687769105096,163.70708474712472,166.29928588867188,23676300
2020-04-01 00:00:00-04:00,161.13483595189587,163.65724005149323,157.56558075339018,159.12091064453125,19507600
<<<<<<< HEAD
2020-04-02 00:00:00-04:00,158.6224209459947,160.86566691354216,155.45195873444192,157.71514892578125,20886300
2020-04-03 00:00:00-04:00,156.67826427684824,157.4359926607896,150.37724343361975,153.71717834472656,25983300
=======
2020-04-02 00:00:00-04:00,158.62240559942796,160.86565134994353,155.45194369461433,157.7151336669922,20886300
2020-04-03 00:00:00-04:00,156.67824872412595,157.43597703285116,150.3772285063705,153.7171630859375,25983300
>>>>>>> e449bea2185155843b42d9ec49e68bf9bed44428
2020-04-06 00:00:00-04:00,159.66925540970635,165.70109755342202,158.03417897263327,165.0530548095703,28453600
2020-04-07 00:00:00-04:00,171.27430236188064,172.86950545789537,165.51165437732828,168.3231964111328,31411900
2020-04-08 00:00:00-04:00,170.73593276747053,174.4746758207728,167.23647474625398,173.7568359375,21664200
2020-04-09 00:00:00-04:00,175.37196844336808,176.5484341707414,171.0549798426837,174.6641082763672,23534300
2020-04-13 00:00:00-04:00,173.14867147597718,174.47468087619447,168.94133795438103,174.2653045654297,19355400
<<<<<<< HEAD
2020-04-14 00:00:00-04:00,178.44272843818447,180.6859743235912,176.08981214541626,177.63516235351562,21011800
=======
2020-04-14 00:00:00-04:00,178.4427131100258,180.6859588027386,176.08979701937216,177.63514709472656,21011800
>>>>>>> e449bea2185155843b42d9ec49e68bf9bed44428
2020-04-15 00:00:00-04:00,174.6640958574936,177.65509009386696,172.30121527891333,176.43875122070312,17423000
2020-04-16 00:00:00-04:00,177.4158258970708,177.5155318018432,171.9921532779311,175.72093200683594,23593200
2020-04-17 00:00:00-04:00,178.6620616288212,179.73882143342578,176.12969307551748,178.7019500732422,20974800
2020-04-20 00:00:00-04:00,176.87744576312986,179.95816640109604,176.239367554493,177.7049560546875,16110700
2020-04-21 00:00:00-04:00,174.72391569018905,174.85353031035365,167.83465522070378,170.2872772216797,24850500
2020-04-22 00:00:00-04:00,177.91431392568234,184.2253139378989,177.60524693829626,181.7328186035156,33242000
2020-04-23 00:00:00-04:00,183.5274286430462,186.48851448442196,182.6002124155824,184.57427978515625,21426600
2020-04-24 00:00:00-04:00,182.6799715954007,189.8384264124409,180.28718205732287,189.49945068359372,28792000
<<<<<<< HEAD
2020-04-27 00:00:00-04:00,192.08167871947583,193.168403116862,186.84743811888995,186.93716430664065,29197800
2020-04-28 00:00:00-04:00,188.0936863757584,188.63205871666423,182.01199119578888,182.36094665527344,21731000
2020-04-29 00:00:00-04:00,190.3568472554772,196.31890707623856,189.42964628903172,193.6070709228516,45954500
2020-04-30 00:00:00-04:00,206.2988622261716,209.06055145305697,200.96493107425655,204.0955047607422,46230100
2020-05-01 00:00:00-04:00,200.9948395816865,206.65778195336287,198.4524911749226,201.66282653808597,30415600
2020-05-04 00:00:00-04:00,199.59902127504887,205.29188725374567,198.16334154318216,204.64382934570312,19250700
2020-05-05 00:00:00-04:00,206.39857234019863,209.74848691234808,205.88012901476287,206.44842529296875,21071200
2020-05-06 00:00:00-04:00,207.4952370890867,210.96480138671316,206.03962840070048,207.8441925048828,21857000
2020-05-07 00:00:00-04:00,210.5261485388334,210.9648301912792,208.4125019600481,210.62583923339844,15152000
2020-05-08 00:00:00-04:00,211.60289978180867,212.5699892361071,210.21707291631688,211.7125701904297,12506000
2020-05-11 00:00:00-04:00,210.2569352944004,214.3545982224276,209.738492006506,212.54005432128903,12911900
2020-05-12 00:00:00-04:00,212.64972585189588,214.63375762031276,209.36960867634625,209.4693145751953,14704600
2020-05-13 00:00:00-04:00,208.80133346096216,210.147287166031,201.50331427728423,204.48434448242188,20684600
=======
2020-04-27 00:00:00-04:00,192.08166304076465,193.16838734944665,186.8474228674248,186.9371490478516,29197800
2020-04-28 00:00:00-04:00,188.0936863757584,188.63205871666423,182.01199119578888,182.36094665527344,21731000
2020-04-29 00:00:00-04:00,190.3568622581058,196.31892254875603,189.4296612185847,193.60708618164065,45954500
2020-04-30 00:00:00-04:00,206.2988468026529,209.0605358230662,200.96491604951856,204.09548950195312,46230100
2020-05-01 00:00:00-04:00,200.9948395816865,206.65778195336287,198.4524911749226,201.66282653808597,30415600
2020-05-04 00:00:00-04:00,199.59902127504887,205.29188725374567,198.16334154318216,204.64382934570312,19250700
2020-05-05 00:00:00-04:00,206.39857234019863,209.74848691234808,205.88012901476287,206.44842529296875,21071200
2020-05-06 00:00:00-04:00,207.49526755542803,210.9648323624875,206.03965865331608,207.8442230224609,21857000
2020-05-07 00:00:00-04:00,210.52613328726645,210.9648149079319,208.41248686160424,210.62582397460935,15152000
2020-05-08 00:00:00-04:00,211.60289978180867,212.5699892361071,210.21707291631688,211.7125701904297,12506000
2020-05-11 00:00:00-04:00,210.2569352944004,214.3545982224276,209.738492006506,212.54005432128903,12911900
2020-05-12 00:00:00-04:00,212.64974134236195,214.6337732553056,209.3696239278722,209.4693298339844,14704600
2020-05-13 00:00:00-04:00,208.80131788003587,210.1472714846685,201.50329924094208,204.4843292236328,20684600
>>>>>>> e449bea2185155843b42d9ec49e68bf9bed44428
2020-05-14 00:00:00-04:00,201.95195140810335,206.30882864051256,200.08756965656627,206.18919372558597,17178900
2020-05-15 00:00:00-04:00,204.6538184228133,210.70558939826228,203.50726140060212,210.2469787597656,19383200
2020-05-18 00:00:00-04:00,211.51314699583773,213.99567781388265,210.3067877789408,212.55003356933597,20151900
2020-05-19 00:00:00-04:00,212.62980929638692,219.8281374809568,212.19112765653185,216.22897338867188,31843200
2020-05-20 00:00:00-04:00,222.82908391398388,230.64554566727764,222.5200169251829,229.2796630859375,50162900
2020-05-21 00:00:00-04:00,234.0154097571204,236.48796093877388,230.5059719679129,230.6954040527344,47782600
<<<<<<< HEAD
2020-05-22 00:00:00-04:00,230.81503122015744,235.28159378856287,228.05335735794637,234.204833984375,33925600
2020-05-26 00:00:00-04:00,239.050243268658,240.1768407983761,230.9745524190106,231.50296020507807,33178300
2020-05-27 00:00:00-04:00,228.382381734032,229.8678992946325,220.46621370433525,228.45216369628903,34697600
2020-05-28 00:00:00-04:00,223.6266816531605,230.93467970794472,223.32757917416967,224.783203125,29377200
2020-05-29 00:00:00-04:00,224.5239770440357,226.8071112933175,222.2109492807156,224.414306640625,23241500
2020-06-01 00:00:00-04:00,223.91580316055035,231.74224445421973,222.82907886552144,231.21383666992188,18223800
2020-06-02 00:00:00-04:00,230.2467526110105,232.3005663428829,225.8798958948648,232.0214080810547,20919000
2020-06-03 00:00:00-04:00,231.4132443282907,231.95161664284367,227.84398907756008,229.46910095214844,15380300
2020-06-04 00:00:00-04:00,228.87090617292748,230.9346997655268,223.9357680863876,225.6107177734375,17041500
2020-06-05 00:00:00-04:00,226.0294454067351,230.65551597120515,224.63363894226708,230.07725524902344,16750400
=======
2020-05-22 00:00:00-04:00,230.8150462580959,235.2816091175044,228.0533722159577,234.2048492431641,33925600
2020-05-26 00:00:00-04:00,239.0502590249025,240.17685662887672,230.97456764297127,231.5029754638672,33178300
2020-05-27 00:00:00-04:00,228.382381734032,229.8678992946325,220.46621370433525,228.45216369628903,34697600
2020-05-28 00:00:00-04:00,223.62669683344225,230.93469538430983,223.3275943341477,224.78321838378903,29377200
2020-05-29 00:00:00-04:00,224.5239770440357,226.8071112933175,222.2109492807156,224.414306640625,23241500
2020-06-01 00:00:00-04:00,223.91581793771095,231.7422597478807,222.8290935709645,231.2138519287109,18223800
2020-06-02 00:00:00-04:00,230.2467526110105,232.3005663428829,225.8798958948648,232.0214080810547,20919000
2020-06-03 00:00:00-04:00,231.4132443282907,231.95161664284367,227.84398907756008,229.46910095214844,15380300
2020-06-04 00:00:00-04:00,228.8708906936413,230.9346841466595,223.9357529408809,225.61070251464844,17041500
2020-06-05 00:00:00-04:00,226.02946039707228,230.65553126834465,224.633653840034,230.0772705078125,16750400
>>>>>>> e449bea2185155843b42d9ec49e68bf9bed44428
2020-06-08 00:00:00-04:00,228.34248727193884,230.8549268937202,226.7273551215717,230.7053680419922,15466500
2020-06-09 00:00:00-04:00,230.82502139069055,239.0502563221488,229.718352809575,237.95355224609372,27462900
2020-06-10 00:00:00-04:00,240.23667645278812,240.4859259856557,234.5737191552853,236.0193634033203,20720700
2020-06-11 00:00:00-04:00,229.24975614227,232.1908976305906,222.8789385973783,223.75628662109372,26708200
2020-06-12 00:00:00-04:00,229.209858937474,230.96458534381367,223.826075239621,227.89382934570312,22091400
2020-06-15 00:00:00-04:00,224.4143180376279,233.0682702029374,224.1251952573988,231.8020782470703,15340300
2020-06-16 00:00:00-04:00,236.42814443810784,237.74418931924555,232.3005726400613,234.94261169433597,15236700
2020-06-17 00:00:00-04:00,234.2945749637172,236.87679662815836,231.034386618416,234.82298278808597,19578100
<<<<<<< HEAD
2020-06-18 00:00:00-04:00,234.2845900727347,235.4311318078121,231.45310389385008,235.2317352294922,15782500
2020-06-19 00:00:00-04:00,237.0761830039872,240.1070658942624,234.84291688797865,238.07318115234372,30081300
2020-06-22 00:00:00-04:00,237.84388489454489,239.97746040475135,236.19884397231,238.5019073486328,18917800
2020-06-23 00:00:00-04:00,240.5557077424793,244.4539740843768,239.13997222253627,241.5128326416016,24017900
2020-06-24 00:00:00-04:00,240.47595982694463,242.48990042570347,231.98153100823544,233.3175201416016,20834900
2020-06-25 00:00:00-04:00,233.91568811578023,236.58765092038968,232.0413420425297,234.97250366210935,18704300
2020-06-26 00:00:00-04:00,231.94165319478387,232.3902993277865,214.75339930180544,215.43136596679688,76343900
2020-06-29 00:00:00-04:00,209.1203668907513,220.0873467992055,206.4882923212417,219.9776763916016,58514300
2020-06-30 00:00:00-04:00,219.92782285752608,226.81708386924225,217.81419160347116,226.3883819580078,33927100
2020-07-01 00:00:00-04:00,227.81409242130547,238.2825736923064,226.87691166391917,236.83692932128903,43399700
2020-07-02 00:00:00-04:00,238.28255065088456,239.27954877076277,231.9117332733824,232.71929931640625,30633600
=======
2020-06-18 00:00:00-04:00,234.2846052700852,235.43114707953544,231.45311890753044,235.23175048828125,15782500
2020-06-19 00:00:00-04:00,237.0761981988758,240.1070812834089,234.8429319397308,238.0731964111328,30081300
2020-06-22 00:00:00-04:00,237.84388489454489,239.97746040475135,236.19884397231,238.5019073486328,18917800
2020-06-23 00:00:00-04:00,240.55569254416145,244.45395863976637,239.13995711366465,241.5128173828125,24017900
2020-06-24 00:00:00-04:00,240.47594409999903,242.48988456704768,231.98151583681909,233.3175048828125,20834900
2020-06-25 00:00:00-04:00,233.9157033059412,236.58766628406417,232.0413571109732,234.97251892089844,18704300
2020-06-26 00:00:00-04:00,231.94165319478387,232.3902993277865,214.75339930180544,215.43136596679688,76343900
2020-06-29 00:00:00-04:00,209.1203668907513,220.0873467992055,206.4882923212417,219.9776763916016,58514300
2020-06-30 00:00:00-04:00,219.92782285752608,226.81708386924225,217.81419160347116,226.3883819580078,33927100
2020-07-01 00:00:00-04:00,227.8140777438344,238.28255834037824,226.8768970468282,236.8369140625,43399700
2020-07-02 00:00:00-04:00,238.2825662744413,239.27956445969,231.91174847922147,232.7193145751953,30633600
>>>>>>> e449bea2185155843b42d9ec49e68bf9bed44428
2020-07-06 00:00:00-04:00,233.05828358047236,239.6783507309342,231.5727660636376,239.5587158203125,26206200
2020-07-07 00:00:00-04:00,238.6913338556567,246.90658898249092,238.10310859060127,240.1369781494141,27887800
2020-07-08 00:00:00-04:00,237.39523471453748,246.2485833265985,235.8797932374764,242.84881591796875,29791300
2020-07-09 00:00:00-04:00,244.2645513304416,245.7899573115072,238.52184735542895,243.76605224609372,22174900
2020-07-10 00:00:00-04:00,242.9584730603957,244.75307270985928,238.6015961663239,244.33433532714844,22982700
2020-07-13 00:00:00-04:00,246.26851210834567,249.3990857487108,237.70430149260915,238.28256225585935,24674900
2020-07-14 00:00:00-04:00,236.0492900838406,239.60858098613707,231.33349282294407,239.0103759765625,23378100
2020-07-15 00:00:00-04:00,240.82490773866897,244.08509596997163,237.3354141910132,239.5587158203125,19133600
2020-07-16 00:00:00-04:00,237.2855593192172,241.03426688052707,235.6205742369472,240.20675659179688,18880700
2020-07-17 00:00:00-04:00,240.27655989486107,243.42707777530424,237.1459862375304,241.303466796875,18152400
2020-07-20 00:00:00-04:00,239.3393777850181,245.31140228823756,234.93264770785024,244.68328857421875,20872200
<<<<<<< HEAD
2020-07-21 00:00:00-04:00,245.48089028150807,246.16882145189655,239.3593221350285,241.02430725097656,19364200
2020-07-22 00:00:00-04:00,239.53876151747085,241.17383781676136,237.4051861609213,239.14993286132807,15427900
2020-07-23 00:00:00-04:00,238.91065933505035,241.6922773375886,231.05430944665963,231.9017639160156,21771800
2020-07-24 00:00:00-04:00,229.499012743135,232.78910976904965,226.21888022231343,230.0174560546875,18325800
2020-07-27 00:00:00-04:00,230.7652026962896,234.2447165668617,230.13708898219292,232.799072265625,13163100
2020-07-28 00:00:00-04:00,233.9256859696684,234.2546971919938,229.140091701366,229.42921447753903,14170100
2020-07-29 00:00:00-04:00,230.4461361117782,232.99844876813935,229.6186258779921,232.5896759033203,13588300
2020-07-30 00:00:00-04:00,229.52891541722573,234.1848949543419,228.31257645661896,233.7960662841797,20615300
2020-07-31 00:00:00-04:00,255.05207874948132,255.0819874774954,248.25254393856977,252.9085235595703,53005100
=======
2020-07-21 00:00:00-04:00,245.48087474058124,246.16880586741811,239.35930698164648,241.0242919921875,19364200
2020-07-22 00:00:00-04:00,239.53877680106885,241.17385320468424,237.405201308388,239.1499481201172,15427900
2020-07-23 00:00:00-04:00,238.91067505501425,241.6922932405788,231.0543246496875,231.9017791748047,21771800
2020-07-24 00:00:00-04:00,229.499012743135,232.78910976904965,226.21888022231343,230.0174560546875,18325800
2020-07-27 00:00:00-04:00,230.7652026962896,234.2447165668617,230.13708898219292,232.799072265625,13163100
2020-07-28 00:00:00-04:00,233.9256859696684,234.2546971919938,229.140091701366,229.42921447753903,14170100
2020-07-29 00:00:00-04:00,230.4461512299427,232.99846405374555,229.61864094186868,232.58969116210935,13588300
2020-07-30 00:00:00-04:00,229.52891541722573,234.1848949543419,228.31257645661896,233.7960662841797,20615300
2020-07-31 00:00:00-04:00,255.05206336136467,255.08197208757423,248.25252896069105,252.90850830078125,53005100
>>>>>>> e449bea2185155843b42d9ec49e68bf9bed44428
2020-08-03 00:00:00-04:00,251.89159029864985,254.63333536120896,249.5785623748068,251.20367431640625,23124900
2020-08-04 00:00:00-04:00,250.80485013321083,252.04113330579645,246.68724293915784,249.08004760742188,17183500
2020-08-05 00:00:00-04:00,249.43897245905808,251.5127304605304,247.02623873379304,248.37217712402344,13050100
2020-08-06 00:00:00-04:00,248.2924173519941,265.79971798121693,247.9235328975628,264.4836730957031,45241600
2020-08-07 00:00:00-04:00,263.2872580359838,278.0528286277719,262.639215323748,267.6341857910156,72766400
<<<<<<< HEAD
2020-08-10 00:00:00-04:00,267.2353893879291,273.0378954264657,258.91044885170834,262.21051025390625,30248800
2020-08-11 00:00:00-04:00,259.40895513773023,265.1217655798833,254.3641468539459,255.36114501953125,28238300
2020-08-12 00:00:00-04:00,258.19261159768826,263.1078051649642,257.33517736892736,259.10986328125,21415700
2020-08-13 00:00:00-04:00,260.76484401040966,264.3640230160562,258.7908072213659,260.5155944824219,17374000
=======
2020-08-10 00:00:00-04:00,267.23542049033176,273.0379272041977,258.9104789852062,262.2105407714844,30248800
2020-08-11 00:00:00-04:00,259.4089706383912,265.1217814219061,254.36416205316056,255.3611602783203,28238300
2020-08-12 00:00:00-04:00,258.19261159768826,263.1078051649642,257.33517736892736,259.10986328125,21415700
2020-08-13 00:00:00-04:00,260.7648745571856,264.3640539844507,258.7908375368973,260.515625,17374000
>>>>>>> e449bea2185155843b42d9ec49e68bf9bed44428
2020-08-14 00:00:00-04:00,261.5225753236024,261.8615510344534,257.90346726738613,260.4557800292969,14792700
2020-08-17 00:00:00-04:00,261.712042126784,263.3072454211321,258.6213414488542,260.3760681152344,13351100
2020-08-18 00:00:00-04:00,260.1666786315408,264.3540525933837,258.4817493290236,261.552490234375,18690400
2020-08-19 00:00:00-04:00,260.60534783110995,267.10576448646026,260.56545938785933,261.8017272949219,23291500
2020-08-20 00:00:00-04:00,260.71501823045475,268.8206181204592,260.6751297848766,268.2024841308594,20299700
2020-08-21 00:00:00-04:00,267.88344574848696,269.6780303177094,265.62027081354967,266.20849609375,15538600
2020-08-24 00:00:00-04:00,270.2563011838291,276.4177425708216,267.96318713775906,270.5753479003906,23685600
<<<<<<< HEAD
2020-08-25 00:00:00-04:00,271.59226239631147,282.24019505002303,269.44872251659126,279.9770202636719,42127200
2020-08-26 00:00:00-04:00,283.1474743794838,303.7554395113606,283.1474743794838,302.9977111816406,69015200
2020-08-27 00:00:00-04:00,299.2589519301597,300.3257471943407,291.1433728301216,292.3397827148437,30301300
2020-08-28 00:00:00-04:00,294.1144773929762,296.3377943957711,290.1065554679538,292.77850341796875,17157400
2020-08-31 00:00:00-04:00,293.0676339060639,295.9888313382604,290.67481387838285,292.31988525390625,17345100
=======
2020-08-25 00:00:00-04:00,271.5922919999485,282.2402258142879,269.4487518865818,279.97705078125,42127200
2020-08-26 00:00:00-04:00,283.1474743794838,303.7554395113606,283.1474743794838,302.9977111816406,69015200
2020-08-27 00:00:00-04:00,299.25898317003526,300.3257785455799,291.1434032228056,292.3398132324219,30301300
2020-08-28 00:00:00-04:00,294.1144467361437,296.33776350719256,290.10652522888444,292.7784729003906,17157400
2020-08-31 00:00:00-04:00,293.06760331042244,295.9888004376521,290.6747835325467,292.3198547363281,17345100
>>>>>>> e449bea2185155843b42d9ec49e68bf9bed44428
2020-09-01 00:00:00-04:00,293.8253115124446,300.5849576430189,291.8313152447122,294.5531311035156,17295900
2020-09-02 00:00:00-04:00,297.982790766915,302.6886229175797,292.17027492688214,301.5919189453125,24341400
2020-09-03 00:00:00-04:00,295.10146982534053,296.7066526528048,282.77858741510227,290.24609375,32294100
<<<<<<< HEAD
2020-09-04 00:00:00-04:00,286.38770712538417,288.13245381805405,270.3260821761848,281.8812866210937,30333700
2020-09-08 00:00:00-04:00,270.46564320456173,278.46155700888534,268.61124134402985,270.34600830078125,24864000
=======
2020-09-04 00:00:00-04:00,286.3877381308451,288.1324850124081,270.326111442751,281.8813171386719,30333700
2020-09-08 00:00:00-04:00,270.46567373564466,278.4615884425743,268.61127166578154,270.3460388183594,24864000
>>>>>>> e449bea2185155843b42d9ec49e68bf9bed44428
2020-09-09 00:00:00-04:00,274.9421800676016,277.6440670708181,270.53546510370586,272.8983459472656,22918800
2020-09-10 00:00:00-04:00,274.6829879453094,278.32202534479035,266.2284321289338,267.2852478027344,24814700
2020-09-11 00:00:00-04:00,269.2493485617012,270.575373290479,261.851638486313,265.8096923828125,18913900
2020-09-14 00:00:00-04:00,270.13665293542846,275.8095746754778,264.90241280250183,265.3510437011719,24093800
2020-09-15 00:00:00-04:00,269.8575175454777,273.69593629410343,268.49160444675823,271.6022644042969,18478500
2020-09-16 00:00:00-04:00,266.48764538833353,271.622179801758,261.00415553544025,262.7289428710937,29183400
2020-09-17 00:00:00-04:00,257.5046739555553,260.7150091282071,249.43896279272423,254.05506896972656,31281400
2020-09-18 00:00:00-04:00,257.62431642348093,258.42193320076103,249.29939098104165,251.77194213867188,28130800
<<<<<<< HEAD
2020-09-21 00:00:00-04:00,246.79690561722475,249.1996747150136,243.3971536217672,247.4050750732422,24709400
2020-09-22 00:00:00-04:00,252.54961069048156,254.5535868015122,247.474893522033,253.98529052734372,30293100
2020-09-23 00:00:00-04:00,254.4937503722878,257.21555114856704,247.4050926922095,248.27249145507807,19641300
2020-09-24 00:00:00-04:00,245.76004167502896,251.48281647914615,244.8826784430848,248.78094482421875,20006800
2020-09-25 00:00:00-04:00,248.6513257563928,254.98226992175515,245.86970768732303,254.05506896972656,18351300
2020-09-28 00:00:00-04:00,258.6213449301608,258.8207567543781,254.05510624491973,256.0491027832031,18826300
=======
2020-09-21 00:00:00-04:00,246.7969208385048,249.1996900844852,243.3971686333664,247.40509033203125,24709400
2020-09-22 00:00:00-04:00,252.54959551794445,254.5535715085813,247.474878654372,253.9852752685547,30293100
2020-09-23 00:00:00-04:00,254.49373473114116,257.2155353401389,247.40507748673065,248.27247619628903,19641300
2020-09-24 00:00:00-04:00,245.76005674853323,251.48283190365245,244.8826934627767,248.7809600830078,20006800
2020-09-25 00:00:00-04:00,248.6513257563928,254.98226992175515,245.86970768732303,254.05506896972656,18351300
2020-09-28 00:00:00-04:00,258.62131410600625,258.82072590645646,254.0550759649989,256.049072265625,18826300
>>>>>>> e449bea2185155843b42d9ec49e68bf9bed44428
2020-09-29 00:00:00-04:00,257.0360868583085,262.539505612473,256.128814903961,261.004150390625,20200200
2020-09-30 00:00:00-04:00,261.1936074634158,265.2812758689982,259.3192459213199,261.11383056640625,20142500
2020-10-01 00:00:00-04:00,264.55346395232607,267.5244989528323,264.0050967168054,265.8296203613281,20009800
2020-10-02 00:00:00-04:00,260.4258751685352,264.35405026725016,258.4019701649612,259.1596984863281,16367600
2020-10-05 00:00:00-04:00,261.41290280029625,264.0748705748058,260.0569696208356,263.85552978515625,12822300
2020-10-06 00:00:00-04:00,260.9941742792081,264.8924406936766,257.4647923117868,257.883544921875,18696900
<<<<<<< HEAD
2020-10-07 00:00:00-04:00,258.43184747847687,259.39893677204725,254.0550420051593,257.3451232910156,23133400
2020-10-08 00:00:00-04:00,258.9702590441991,263.8256349712137,258.3720540930709,262.9682312011719,16312800
2020-10-09 00:00:00-04:00,263.7259557158484,263.9552762576369,261.3830342617036,263.6561889648437,14107800
2020-10-12 00:00:00-04:00,269.3889136216852,279.3389357348679,267.06589088224865,274.9222412109375,31019300
2020-10-13 00:00:00-04:00,276.746745600416,278.2622023295451,272.56935115496066,275.31109619140625,18063300
2020-10-14 00:00:00-04:00,276.7866362448213,277.9132490823508,270.6850121107022,271.0040588378906,15577800
=======
2020-10-07 00:00:00-04:00,258.4319087713741,259.3989982943113,254.0551022599991,257.3451843261719,23133400
2020-10-08 00:00:00-04:00,258.9702590441991,263.8256349712137,258.3720540930709,262.9682312011719,16312800
2020-10-09 00:00:00-04:00,263.72592519019486,263.9552457054401,261.3830040072377,263.6561584472656,14107800
2020-10-12 00:00:00-04:00,269.3889435250396,279.3389667427186,267.0659205277373,274.9222717285156,31019300
2020-10-13 00:00:00-04:00,276.746745600416,278.2622023295451,272.56935115496066,275.31109619140625,18063300
2020-10-14 00:00:00-04:00,276.7866050760711,277.9132177867335,270.68498162905166,271.0040283203125,15577800
>>>>>>> e449bea2185155843b42d9ec49e68bf9bed44428
2020-10-15 00:00:00-04:00,266.79670526221906,268.232385001285,262.8785099195871,265.9193420410156,15416100
2020-10-16 00:00:00-04:00,266.57737337219584,270.55538630149687,264.5036001570938,265.1317138671875,16622700
2020-10-19 00:00:00-04:00,264.7329024021664,267.7438256895066,259.0998692622308,260.61529541015625,13587000
2020-10-20 00:00:00-04:00,262.2703440378435,268.8904266898025,262.0908916640901,266.7568359375,18763200
2020-10-21 00:00:00-04:00,278.72080563956405,282.20031951241464,275.5403790469698,277.893310546875,28998600
2020-10-22 00:00:00-04:00,279.0299032367567,281.60217583291995,274.2144149407363,277.28515625,16720000
2020-10-23 00:00:00-04:00,277.9630798530896,284.3837505534197,275.989042933291,283.93511962890625,17535200
2020-10-26 00:00:00-04:00,282.30999414926936,284.3737875806555,273.4367168772319,276.27813720703125,21322900
2020-10-27 00:00:00-04:00,277.9232054498662,283.65594463537684,275.4805478873918,282.4396057128906,16287200
2020-10-28 00:00:00-04:00,277.95313100195915,277.95313100195915,266.45774320854065,266.86651611328125,23121800
<<<<<<< HEAD
2020-10-29 00:00:00-04:00,275.71984830484155,282.7487040811272,272.95817416140443,279.98699951171875,32368100
2020-10-30 00:00:00-04:00,273.6759830671565,275.86939109454823,258.3222181533184,262.3201599121094,47247800
2020-11-02 00:00:00-05:00,263.80570347074206,269.6580774523725,256.5674875249877,260.5754089355469,27165700
2020-11-03 00:00:00-05:00,262.3700408220573,269.23934235922394,260.0968862222936,264.50360107421875,17961900
2020-11-04 00:00:00-05:00,280.15645106207285,288.072617985235,277.7835908432858,286.5173034667969,35364400
=======
2020-10-29 00:00:00-04:00,275.7198182523676,282.7486732625332,272.9581444099431,279.9869689941406,32368100
2020-10-30 00:00:00-04:00,273.6759830671565,275.86939109454823,258.3222181533184,262.3201599121094,47247800
2020-11-02 00:00:00-05:00,263.80570347074206,269.6580774523725,256.5674875249877,260.5754089355469,27165700
2020-11-03 00:00:00-05:00,262.3700408220573,269.23934235922394,260.0968862222936,264.50360107421875,17961900
2020-11-04 00:00:00-05:00,280.1565107422128,288.0726793517111,277.7836500179488,286.5173645019531,35364400
>>>>>>> e449bea2185155843b42d9ec49e68bf9bed44428
2020-11-05 00:00:00-05:00,291.02375649160496,296.48731735561114,288.0826301784932,293.79541015625,23823600
2020-11-06 00:00:00-05:00,293.06765394305665,293.7156967340392,287.195319522155,292.5292663574219,13891000
2020-11-09 00:00:00-05:00,288.9998521807905,291.70170867894984,277.6938966814772,277.93316650390625,25117700
2020-11-10 00:00:00-05:00,272.28018472555425,273.1774769222221,263.207496012652,271.6121826171875,29067700
2020-11-11 00:00:00-05:00,272.6490808131886,277.56427430961423,271.6620623972325,275.6500549316406,14957000
2020-11-12 00:00:00-05:00,276.3479441758364,278.9102367630775,273.6061992210608,274.2542419433594,12899500
<<<<<<< HEAD
2020-11-13 00:00:00-05:00,276.88629937051314,276.92618781174144,272.280173252534,276.1186218261719,10391200
2020-11-16 00:00:00-05:00,274.2243528717552,278.5712810058717,273.80563065082754,278.12261962890625,12970400
2020-11-17 00:00:00-05:00,276.8464165170152,276.8464165170152,272.46961081530225,274.1744689941406,15040300
2020-11-18 00:00:00-05:00,273.6959281474927,276.557338468601,271.02398033975066,271.1535949707031,12152900
2020-11-19 00:00:00-05:00,270.206416745798,272.6490742850247,268.3819235924171,272.12066650390625,12963700
2020-11-20 00:00:00-05:00,271.74181146188664,272.18049307894853,268.60127339616946,268.8904113769531,18114700
2020-11-23 00:00:00-05:00,270.07684390270515,270.1366613577261,263.7359198367596,267.62420654296875,20990800
2020-11-24 00:00:00-05:00,267.6839978776565,276.9860067633363,267.06586395211053,276.0887145996094,16930400
=======
2020-11-13 00:00:00-05:00,276.8863299729376,276.92621841857454,272.2802033458736,276.11865234375,10391200
2020-11-16 00:00:00-05:00,274.2243227819224,278.5712504390633,273.80560060693995,278.1225891113281,12970400
2020-11-17 00:00:00-05:00,276.8464473320002,276.8464473320002,272.4696411431174,274.17449951171875,15040300
2020-11-18 00:00:00-05:00,273.6959281474927,276.557338468601,271.02398033975066,271.1535949707031,12152900
2020-11-19 00:00:00-05:00,270.206416745798,272.6490742850247,268.3819235924171,272.12066650390625,12963700
2020-11-20 00:00:00-05:00,271.74178062069035,272.1804621879643,268.60124291140687,268.890380859375,18114700
2020-11-23 00:00:00-05:00,270.07684390270515,270.1366613577261,263.7359198367596,267.62420654296875,20990800
2020-11-24 00:00:00-05:00,267.68402746621587,276.986037380097,267.0658934723442,276.0887451171875,16930400
>>>>>>> e449bea2185155843b42d9ec49e68bf9bed44428
2020-11-25 00:00:00-05:00,277.3050894544218,279.3389438427329,271.8315487355458,274.7627258300781,12467000
2020-11-27 00:00:00-05:00,276.5573215317055,278.2920885142876,273.9950290757077,276.9760437011719,7808400
2020-11-30 00:00:00-05:00,275.2013996220982,276.86639992906726,270.196479835265,276.1385803222656,16693300
<<<<<<< HEAD
2020-12-01 00:00:00-05:00,278.32198879862386,288.4315335495374,278.1225770114242,285.6897888183594,20738900
2020-12-02 00:00:00-05:00,284.50337126109423,290.90411263161843,279.9869709573487,286.6568908691406,17361600
2020-12-03 00:00:00-05:00,285.3907225752439,285.78951575303734,280.2262794217918,281.0039367675781,12921700
2020-12-04 00:00:00-05:00,279.45858718521833,282.6091051922525,278.46158897132034,278.86041259765625,10880300
2020-12-07 00:00:00-05:00,278.3519149506344,287.6239855425377,277.3648965219264,284.72271728515625,13007700
2020-12-08 00:00:00-05:00,285.1514362328258,285.57015839616,280.7048028014467,282.5492553710937,10747700
2020-12-09 00:00:00-05:00,282.80851435230807,286.76659844139,270.93426208506247,277.08575439453125,25189700
=======
2020-12-01 00:00:00-05:00,278.3220185291686,288.43156435999055,278.12260672066753,285.6898193359375,20738900
2020-12-02 00:00:00-05:00,284.503401549408,290.904143601357,279.9870007648452,286.65692138671875,17361600
2020-12-03 00:00:00-05:00,285.39069158125227,285.789484715736,280.2262489886688,281.00390625,12921700
2020-12-04 00:00:00-05:00,279.45858718521833,282.6091051922525,278.46158897132034,278.86041259765625,10880300
2020-12-07 00:00:00-05:00,278.3519149506344,287.6239855425377,277.3648965219264,284.72271728515625,13007700
2020-12-08 00:00:00-05:00,285.1514670314603,285.57018924001983,280.7048331198092,282.5492858886719,10747700
2020-12-09 00:00:00-05:00,282.8084832044385,286.76656685758627,270.9342322449953,277.0857238769531,25189700
>>>>>>> e449bea2185155843b42d9ec49e68bf9bed44428
2020-12-10 00:00:00-05:00,274.71287279974035,277.8932992631954,271.04389656374445,276.2881164550781,20065100
2020-12-11 00:00:00-05:00,273.7058899018604,275.6500483866096,269.4387392084015,272.72882080078125,14391400
2020-12-14 00:00:00-05:00,272.54936709347135,276.3878158828835,270.74480295751346,273.3669128417969,16376900
2020-12-15 00:00:00-05:00,274.00499944092087,275.25124717965184,266.66710735973857,274.72283935546875,23979500
<<<<<<< HEAD
2020-12-16 00:00:00-05:00,273.93522679391634,277.02589677865603,271.691980912494,274.8424987792969,15885000
2020-12-17 00:00:00-05:00,276.23825768156127,279.5981362500052,272.78862251355105,273.6560363769531,16377800
2020-12-18 00:00:00-05:00,274.94216828111706,277.1654851041865,270.326092414354,275.5702819824219,26693200
2020-12-21 00:00:00-05:00,272.16056245124275,273.8454917372194,266.98613968500143,271.9711303710937,16553700
2020-12-22 00:00:00-05:00,270.68500412191264,270.68500412191264,263.83563153770115,266.2882385253906,17312900
2020-12-23 00:00:00-05:00,266.0888367938898,271.35298553061546,265.4308143985532,267.3051452636719,14329000
2020-12-24 00:00:00-05:00,268.07285820356987,269.5882843860063,265.4009105558657,266.5972900390625,6702000
2020-12-28 00:00:00-05:00,267.9333027011113,276.4676053740676,264.8625614472232,276.16851806640625,23299700
=======
2020-12-16 00:00:00-05:00,273.9351963770787,277.02586601864084,271.6919507447387,274.84246826171875,15885000
2020-12-17 00:00:00-05:00,276.2382884871036,279.59816743023447,272.78865293439685,273.65606689453125,16377800
2020-12-18 00:00:00-05:00,274.94213783309834,277.1654544099502,270.32606247753506,275.5702514648437,26693200
2020-12-21 00:00:00-05:00,272.16056245124275,273.8454917372194,266.98613968500143,271.9711303710937,16553700
2020-12-22 00:00:00-05:00,270.68500412191264,270.68500412191264,263.83563153770115,266.2882385253906,17312900
2020-12-23 00:00:00-05:00,266.0888671726049,271.35301651032563,265.4308447021435,267.30517578125,14329000
2020-12-24 00:00:00-05:00,268.07285820356987,269.5882843860063,265.4009105558657,266.5972900390625,6702000
2020-12-28 00:00:00-05:00,267.933273093553,276.4675748234393,264.86253217899235,276.1684875488281,23299700
>>>>>>> e449bea2185155843b42d9ec49e68bf9bed44428
2020-12-29 00:00:00-05:00,276.11866079451147,279.667971915595,275.45065862001775,275.9491577148437,16383000
2020-12-30 00:00:00-05:00,277.11566009898235,277.24524430634347,270.89437068086625,271.05389404296875,11803800
2020-12-31 00:00:00-05:00,271.18350531404246,276.2582224057514,269.00007686291434,272.34002685546875,12900400
2021-01-04 00:00:00-05:00,273.95515609475456,274.1744969093208,264.403927008031,268.1326904296875,15106100
2021-01-05 00:00:00-05:00,267.48463799542003,271.58228572330813,267.4048611061263,270.1565856933594,9871600
2021-01-06 00:00:00-05:00,261.2135270838148,266.9462667049291,259.2295104121223,262.51959228515625,24354100
<<<<<<< HEAD
2021-01-07 00:00:00-05:00,265.1018173157501,270.79466856187656,263.985184191393,267.93328857421875,15789800
2021-01-08 00:00:00-05:00,267.5045841158793,268.1426775671714,262.3899784911317,266.7668151855469,18528300
2021-01-11 00:00:00-05:00,259.6980881011315,262.6791028222534,255.1318195525427,256.0690002441406,30412300
2021-01-12 00:00:00-05:00,255.8596361188409,258.94035670325684,249.548636102047,250.3362579345703,26383500
2021-01-13 00:00:00-05:00,250.79490210835095,253.1876917208623,248.45195023582025,250.88462829589844,19528900
2021-01-14 00:00:00-05:00,252.6393341094593,254.26444601990843,243.8757267530109,244.9026336669922,29739400
2021-01-15 00:00:00-05:00,247.1558332274226,253.09794884531155,246.4180643389188,250.6054534912109,24942900
2021-01-19 00:00:00-05:00,256.1288187426262,261.4129271951225,251.96137377634847,260.31622314453125,28028500
2021-01-20 00:00:00-05:00,268.1227226620502,269.5085647853886,262.8087355634416,266.6770935058594,25199900
2021-01-21 00:00:00-05:00,268.4517542990216,272.778722984688,266.6870479517211,272.0509033203125,20838700
2021-01-22 00:00:00-05:00,271.1934791913829,277.6340787846066,271.1834994734745,273.6759948730469,21954000
2021-01-25 00:00:00-05:00,277.305090706857,279.2591986367142,270.6949878500671,277.17547607421875,19087000
2021-01-26 00:00:00-05:00,277.3051023182976,284.53333948636146,276.976075863828,281.2033386230469,19373600
2021-01-27 00:00:00-05:00,281.68185281488337,282.59910439191407,267.3151075200483,271.32305908203125,35346200
=======
2021-01-07 00:00:00-05:00,265.1017871206763,270.7946377183875,263.9851541235036,267.9332580566406,15789800
2021-01-08 00:00:00-05:00,267.5045535139019,268.14264689219743,262.3899484742548,266.76678466796875,18528300
2021-01-11 00:00:00-05:00,259.6980881011315,262.6791028222534,255.1318195525427,256.0690002441406,30412300
2021-01-12 00:00:00-05:00,255.8596361188409,258.94035670325684,249.548636102047,250.3362579345703,26383500
2021-01-13 00:00:00-05:00,250.79488685501903,253.18767632200104,248.4519351249865,250.88461303710935,19528900
2021-01-14 00:00:00-05:00,252.639318368631,254.26443017782665,243.8757115582038,244.90261840820312,29739400
2021-01-15 00:00:00-05:00,247.1558332274226,253.09794884531155,246.4180643389188,250.6054534912109,24942900
2021-01-19 00:00:00-05:00,256.1288487693035,261.4129578412702,251.9614033144649,260.3162536621094,28028500
2021-01-20 00:00:00-05:00,268.1226919790394,269.50853394378703,262.80870548854455,266.67706298828125,25199900
2021-01-21 00:00:00-05:00,268.4517542990216,272.778722984688,266.6870479517211,272.0509033203125,20838700
2021-01-22 00:00:00-05:00,271.1934791913829,277.6340787846066,271.1834994734745,273.6759948730469,21954000
2021-01-25 00:00:00-05:00,277.30506017500807,279.25916788971404,270.69495804600376,277.1754455566406,19087000
2021-01-26 00:00:00-05:00,277.30507222377537,284.5333086073952,276.9760458050133,281.20330810546875,19373600
2021-01-27 00:00:00-05:00,281.68188449758657,282.5991361777869,267.31513758682445,271.3230895996094,35346200
>>>>>>> e449bea2185155843b42d9ec49e68bf9bed44428
2021-01-28 00:00:00-05:00,276.3479279291025,285.9290955565553,263.9054110293751,264.2044982910156,37758800
2021-01-29 00:00:00-05:00,264.50361367201106,265.7598411563859,254.08500060436305,257.5545349121094,30389500
2021-02-01 00:00:00-05:00,258.7409342820381,263.3769997577709,254.14478767528507,261.2234802246094,22914300
2021-02-02 00:00:00-05:00,263.2074881191342,268.04293480045544,262.4796685812145,266.2782287597656,17320800
2021-02-03 00:00:00-05:00,264.8226414711604,268.3919118561932,263.0479859963688,265.8495483398437,14223400
<<<<<<< HEAD
2021-02-04 00:00:00-05:00,266.2084914807308,267.3550332926422,263.20751724851885,265.6900329589844,16060000
2021-02-05 00:00:00-05:00,265.9990807484082,268.3619918017888,264.8724984539036,267.2951965332031,12454400
2021-02-08 00:00:00-05:00,267.9432847873563,269.04993826145306,264.2045412786955,265.77978515625,13755200
2021-02-09 00:00:00-05:00,265.64020002986564,272.5693496168981,264.9522688450708,268.64117431640625,14613400
2021-02-10 00:00:00-05:00,271.63217003383653,272.9780932545052,266.9163576244619,271.05389404296875,14687200
2021-02-11 00:00:00-05:00,271.0738358160935,272.75873466170185,267.6840178377465,269.5783386230469,12828600
2021-02-12 00:00:00-05:00,269.70791729006663,270.3659396926268,267.5344687163169,269.68798828125,9097600
2021-02-16 00:00:00-05:00,269.987085500677,275.7696929973667,269.23933689191296,273.1475830078125,15417200
2021-02-17 00:00:00-05:00,270.4257869278505,273.1476030164793,268.7707662347692,272.7488098144531,12763200
2021-02-18 00:00:00-05:00,268.7608122371558,271.1336728227318,265.2314300877708,268.58135986328125,15249100
=======
2021-02-04 00:00:00-05:00,266.20852205785985,267.3550640014649,263.2075474809513,265.6900634765625,16060000
2021-02-05 00:00:00-05:00,265.9990807484082,268.3619918017888,264.8724984539036,267.2951965332031,12454400
2021-02-08 00:00:00-05:00,267.9432847873563,269.04993826145306,264.2045412786955,265.77978515625,13755200
2021-02-09 00:00:00-05:00,265.6401698531976,272.56931865308013,264.9522387465516,268.6411437988281,14613400
2021-02-10 00:00:00-05:00,271.63217003383653,272.9780932545052,266.9163576244619,271.05389404296875,14687200
2021-02-11 00:00:00-05:00,271.0738358160935,272.75873466170185,267.6840178377465,269.5783386230469,12828600
2021-02-12 00:00:00-05:00,269.7079478098999,270.36597028692114,267.53449899020524,269.6880187988281,9097600
2021-02-16 00:00:00-05:00,269.98705533620733,275.76966218683174,269.239306810986,273.1475524902344,15417200
2021-02-17 00:00:00-05:00,270.4257566701929,273.14757245428063,268.77073616229023,272.748779296875,12763200
2021-02-18 00:00:00-05:00,268.76078169918736,271.13364201514696,265.23139995082875,268.5813293457031,15249100
>>>>>>> e449bea2185155843b42d9ec49e68bf9bed44428
2021-02-19 00:00:00-05:00,269.049914025284,269.45868692985846,259.36907022485326,260.7748413085937,25622600
2021-02-22 00:00:00-05:00,257.1756928373787,262.2803186535228,256.75694021413057,259.54852294921875,17434900
2021-02-23 00:00:00-05:00,258.7210263783188,266.6571233309988,254.19466135813013,265.0619201660156,21924600
2021-02-24 00:00:00-05:00,261.54250381111325,265.58036445854435,257.6143592045125,263.5165710449219,15736100
2021-02-25 00:00:00-05:00,261.5126021192535,266.1386881316634,253.27740289126743,253.9254608154297,19053100
<<<<<<< HEAD
2021-02-26 00:00:00-05:00,255.7001378057701,264.75286836588305,255.7001378057701,256.8466796875,26619500
2021-03-01 00:00:00-05:00,260.0370879827552,265.8495743283522,257.1258397376208,264.11480712890625,22157300
2021-03-02 00:00:00-05:00,264.982180768588,265.90938179371847,257.8735787239803,258.2225341796875,15191700
2021-03-03 00:00:00-05:00,259.50866656671303,260.20654704190514,254.33424354303835,254.643310546875,15513500
2021-03-04 00:00:00-05:00,255.7001064898846,265.69001659878097,252.7390208861326,256.8666076660156,31626500
2021-03-05 00:00:00-05:00,259.887485083202,264.65313436183163,254.84266236536783,263.48663330078125,26820100
=======
2021-02-26 00:00:00-05:00,255.70010742441988,264.75283690892064,255.70010742441988,256.8466491699219,26619500
2021-03-01 00:00:00-05:00,260.03705793634384,265.84954361032754,257.12581002759435,264.1147766113281,22157300
2021-03-02 00:00:00-05:00,264.9821494521329,265.9093503676837,257.8735482476429,258.2225036621094,15191700
2021-03-03 00:00:00-05:00,259.50865101638107,260.20653144975466,254.3342283027692,254.64329528808597,15513500
2021-03-04 00:00:00-05:00,255.7001064898846,265.69001659878097,252.7390208861326,256.8666076660156,31626500
2021-03-05 00:00:00-05:00,259.8875151839192,264.65316501451633,254.84269188178297,263.4866638183594,26820100
>>>>>>> e449bea2185155843b42d9ec49e68bf9bed44428
2021-03-08 00:00:00-05:00,264.7528456446633,264.782754372021,254.28438031892424,254.5435943603516,18391800
2021-03-09 00:00:00-05:00,260.3959819133732,267.7239247499828,259.0300992509925,264.9422912597656,22039700
2021-03-10 00:00:00-05:00,267.8335910423594,268.1625870363528,262.080892385528,264.10479736328125,14210300
2021-03-11 00:00:00-05:00,267.3051624638951,277.06578298383505,267.0160549037703,273.057861328125,21834000
2021-03-12 00:00:00-05:00,268.3320680406986,268.9302425260453,263.2274125000029,267.5942687988281,20600200
2021-03-15 00:00:00-04:00,268.27225826193825,275.13161064364937,267.6940127020013,272.9282531738281,16844800
<<<<<<< HEAD
2021-03-16 00:00:00-04:00,275.2512138775089,281.2930501757785,273.97505756448703,278.4416198730469,22437700
2021-03-17 00:00:00-04:00,274.8823376979722,285.3707771851189,274.5832504382871,283.1574401855469,21315000
2021-03-18 00:00:00-04:00,279.0298474520444,284.3338845336149,277.4446241578318,277.7835998535156,18728300
2021-03-19 00:00:00-04:00,280.3758079053022,291.9210325573122,280.35587889657893,289.2391052246094,38930500
2021-03-22 00:00:00-04:00,289.5780931809657,298.81027435103704,285.8891882588524,292.6588134765625,28273100
2021-03-23 00:00:00-04:00,292.26999266734805,297.105439632466,288.9400225990936,289.757568359375,23000900
2021-03-24 00:00:00-04:00,290.12648039558843,290.8443203270081,280.3160216168335,281.2930908203125,18675000
2021-03-25 00:00:00-04:00,280.1365558606335,287.19528949414644,276.9162408285226,277.9032592773437,24505600
=======
2021-03-16 00:00:00-04:00,275.25124404541424,281.29308100587724,273.9750875925239,278.441650390625,22437700
2021-03-17 00:00:00-04:00,274.8823376979722,285.3707771851189,274.5832504382871,283.1574401855469,21315000
2021-03-18 00:00:00-04:00,279.0298474520444,284.3338845336149,277.4446241578318,277.7835998535156,18728300
2021-03-19 00:00:00-04:00,280.3758374877151,291.9210633578601,280.3559084768891,289.2391357421875,38930500
2021-03-22 00:00:00-04:00,289.57812337729564,298.8103055100709,285.8892180705144,292.6588439941406,28273100
2021-03-23 00:00:00-04:00,292.26999266734805,297.105439632466,288.9400225990936,289.757568359375,23000900
2021-03-24 00:00:00-04:00,290.12644891967307,290.84428877321403,280.31599120525794,281.2930603027344,18675000
2021-03-25 00:00:00-04:00,280.1365250978089,287.1952579561764,276.9162104193326,277.9032287597656,24505600
>>>>>>> e449bea2185155843b42d9ec49e68bf9bed44428
2021-03-26 00:00:00-04:00,277.4645775928848,283.64597839615897,276.93616978162845,282.17041015625,17629200
2021-03-29 00:00:00-04:00,284.9121623594585,292.2999226129052,283.84539741781214,289.947021484375,21718800
2021-03-30 00:00:00-04:00,288.95996075846296,291.5920504819466,285.8393821031981,287.1354675292969,17474500
2021-03-31 00:00:00-04:00,289.1194937471572,295.6099616636717,287.7436313845809,293.6458740234375,19498200
<<<<<<< HEAD
2021-04-01 00:00:00-04:00,297.50422900785463,301.49222143537537,295.70964458585735,297.7634582519531,17616000
2021-04-05 00:00:00-04:00,299.9867527445597,309.8370677524843,299.7773612509411,307.982666015625,28237000
=======
2021-04-01 00:00:00-04:00,297.50425949886454,301.492252335112,295.7096748929415,297.76348876953125,17616000
2021-04-05 00:00:00-04:00,299.98678246983377,309.83709845381253,299.7773909554669,307.9826965332031,28237000
>>>>>>> e449bea2185155843b42d9ec49e68bf9bed44428
2021-04-06 00:00:00-04:00,307.9129096026756,310.41538473293417,304.3336898417303,305.3406677246094,17335200
2021-04-07 00:00:00-04:00,305.4204089858456,313.30666798709035,304.5829341927004,312.150146484375,22855200
2021-04-08 00:00:00-04:00,313.9048764527531,314.93178333950533,309.1192670338739,312.0803527832031,20894100
2021-04-09 00:00:00-04:00,310.4651876715466,313.7951575180142,309.3983924524242,311.5220031738281,15988600
2021-04-12 00:00:00-04:00,310.11624760341226,311.21295160132456,307.0056183918556,310.60479736328125,10881900
2021-04-13 00:00:00-04:00,311.2727969924534,313.48613419564265,308.3914880391945,308.8301696777344,14036900
2021-04-14 00:00:00-04:00,306.3775123624918,307.1053319488017,301.04359672197484,301.9109802246094,17421400
2021-04-15 00:00:00-04:00,305.4203974197651,309.20900849400914,303.1871313892837,306.8959655761719,14558300
2021-04-16 00:00:00-04:00,307.2449111229369,308.02256840683503,303.6955699729256,305.2608642578125,13059200
2021-04-19 00:00:00-04:00,304.0944069070927,306.77633428916994,299.65775309410367,301.33270263671875,14553500
2021-04-20 00:00:00-04:00,301.0834327111069,304.1841124817846,296.31778322812687,301.741455078125,16796400
2021-04-21 00:00:00-04:00,301.04360302347567,301.07351175088337,296.4972939016993,300.5650329589844,14863500
2021-04-22 00:00:00-04:00,300.42547253030256,302.010726539782,295.1513736375309,295.6299133300781,16375400
2021-04-23 00:00:00-04:00,297.86319334200806,301.6816830781913,296.25801041110054,300.22607421875,17536800
<<<<<<< HEAD
2021-04-26 00:00:00-04:00,302.4293973155492,304.88200410048483,300.65474193035715,302.1303100585937,16172600
2021-04-27 00:00:00-04:00,303.36661264779514,304.4234283111828,300.2061149500239,302.65875244140625,15309300
2021-04-28 00:00:00-04:00,306.4373299270606,309.9866712535826,304.4533133892368,306.1781311035156,33907200
2021-04-29 00:00:00-04:00,329.1290282976562,330.8139576251368,320.64456420462403,328.5208740234375,56526800
2021-04-30 00:00:00-04:00,325.1609719447222,328.8299176167102,323.52588047131206,324.1041259765625,26332400
=======
2021-04-26 00:00:00-04:00,302.4294278633375,304.8820348960061,300.6547722988911,302.1303405761719,16172600
2021-04-27 00:00:00-04:00,303.3665820588423,304.42339761566944,300.20608467974927,302.6587219238281,15309300
2021-04-28 00:00:00-04:00,306.4373604704738,309.9867021507679,304.45334373489777,306.1781616210937,33907200
2021-04-29 00:00:00-04:00,329.1289977235843,330.81392689454526,320.6445344187069,328.5208435058594,56526800
2021-04-30 00:00:00-04:00,325.1610025618127,328.8299485792679,323.52591093444266,324.1041564941406,26332400
>>>>>>> e449bea2185155843b42d9ec49e68bf9bed44428
2021-05-03 00:00:00-04:00,325.19091410728345,327.5637442496041,320.87389489160245,321.6116638183594,18719500
2021-05-04 00:00:00-04:00,319.05934802985826,321.22284747751115,312.1800666424439,317.4043273925781,24032600
2021-05-05 00:00:00-04:00,317.23483828850334,320.0962180612931,313.54593302700255,314.0743408203125,15577600
2021-05-06 00:00:00-04:00,313.5758665262276,319.278697513021,312.3296187618582,319.0593566894531,19012200
<<<<<<< HEAD
2021-05-07 00:00:00-04:00,321.41224324002246,321.970559726127,317.7931353714029,318.12213134765625,15916700
2021-05-10 00:00:00-04:00,313.4063940754495,313.63568419162334,303.9149516231328,305.0515441894531,24239200
2021-05-11 00:00:00-04:00,299.8472147843943,305.9189302954954,298.79039910485113,305.60986328125,18920100
2021-05-12 00:00:00-04:00,300.2260643027422,304.0445539128066,297.2948872439587,301.64178466796875,24645500
=======
2021-05-07 00:00:00-04:00,321.4122740732223,321.9705906128864,317.7931658574203,318.1221618652344,15916700
2021-05-10 00:00:00-04:00,313.40636272204614,313.6356528152816,303.9149212192603,305.051513671875,24239200
2021-05-11 00:00:00-04:00,299.84718484226244,305.91889974705447,298.7903692682508,305.6098327636719,18920100
2021-05-12 00:00:00-04:00,300.22609467708963,304.0445846734767,297.2949173217543,301.6418151855469,24645500
>>>>>>> e449bea2185155843b42d9ec49e68bf9bed44428
2021-05-13 00:00:00-04:00,305.1611737889133,307.9328273691505,301.861112417601,304.3436584472656,18079200
2021-05-14 00:00:00-04:00,308.61079549490864,315.8988490561531,308.1521544694918,314.9915771484375,19245700
2021-05-17 00:00:00-04:00,312.60876086931546,314.7323718180783,310.64467327725447,314.5130310058594,15401300
2021-05-18 00:00:00-04:00,314.6426455220607,315.54991749836984,308.879997376886,309.029541015625,14522400
<<<<<<< HEAD
2021-05-19 00:00:00-04:00,303.27690405369225,313.71547708426004,302.65876999879265,312.648681640625,19106200
2021-05-20 00:00:00-04:00,312.6386950353516,318.29168844943,312.2199728126624,317.6535949707031,17320200
2021-05-21 00:00:00-04:00,318.3315430603567,318.96960604528704,314.8619785970235,315.2807312011719,13600900
2021-05-24 00:00:00-04:00,317.2547460888714,324.97153181000783,317.07529373920846,323.6554870605469,16445400
2021-05-25 00:00:00-04:00,326.0981396842132,328.19184187265523,323.82498513201097,326.8060302734375,16437000
2021-05-26 00:00:00-04:00,327.3643532864872,328.83989109682074,324.84194914820614,326.6764221191406,9686900
2021-05-27 00:00:00-04:00,327.01535793106683,332.7780053995208,325.77909009470966,331.7510986328125,20477700
2021-05-28 00:00:00-04:00,330.00640002970715,331.8707817719917,327.3444014819198,327.74322509765625,12037400
2021-06-01 00:00:00-04:00,329.15892542684554,330.4251325203051,325.659482691978,328.1419982910156,11765900
2021-06-02 00:00:00-04:00,329.3882449148023,330.8737623825288,326.138021295836,328.16192626953125,11654300
2021-06-03 00:00:00-04:00,324.8020195531474,326.3972224988976,322.5089362364827,325.0612487792969,12610800
2021-06-04 00:00:00-04:00,324.9216835659618,331.4619888462495,324.20384369734643,329.3583374023437,13289400
2021-06-07 00:00:00-04:00,328.4909483529601,336.6762943196999,327.94258113668445,335.5696105957031,20136700
2021-06-08 00:00:00-04:00,335.6892679029047,337.28444050056896,331.24263453031296,332.6783142089844,14580500
=======
2021-05-19 00:00:00-04:00,303.2768744508916,313.7154464625523,302.6587404563279,312.6486511230469,19106200
2021-05-20 00:00:00-04:00,312.6386950353516,318.29168844943,312.2199728126624,317.6535949707031,17320200
2021-05-21 00:00:00-04:00,318.331573873238,318.96963691992954,314.86200907406845,315.28076171875,13600900
2021-05-24 00:00:00-04:00,317.25477600292163,324.9715624516762,317.0753236363381,323.655517578125,16445400
2021-05-25 00:00:00-04:00,326.0981396842132,328.19184187265523,323.82498513201097,326.8060302734375,16437000
2021-05-26 00:00:00-04:00,327.36432270464366,328.83986037713487,324.8419188020015,326.6763916015625,9686900
2021-05-27 00:00:00-04:00,327.0153880130071,332.7780360115635,325.7791200629264,331.7511291503906,20477700
2021-05-28 00:00:00-04:00,330.00640002970715,331.8707817719917,327.3444014819198,327.74322509765625,12037400
2021-06-01 00:00:00-04:00,329.15892542684554,330.4251325203051,325.659482691978,328.1419982910156,11765900
2021-06-02 00:00:00-04:00,329.38827554642256,330.8737931522955,326.1380516252001,328.1619567871094,11654300
2021-06-03 00:00:00-04:00,324.8020500463884,326.3972531419004,322.5089665144433,325.061279296875,12610800
2021-06-04 00:00:00-04:00,324.9216835659618,331.4619888462495,324.20384369734643,329.3583374023437,13289400
2021-06-07 00:00:00-04:00,328.4909483529601,336.6762943196999,327.94258113668445,335.5696105957031,20136700
2021-06-08 00:00:00-04:00,335.68929869668665,337.2844714406809,331.24266491619187,332.6783447265625,14580500
>>>>>>> e449bea2185155843b42d9ec49e68bf9bed44428
2021-06-09 00:00:00-04:00,334.73214653919445,335.78896213589087,329.0093869390495,329.2586364746094,13727900
2021-06-10 00:00:00-04:00,329.7970053328522,332.9375432180412,327.5637089309228,331.46197509765625,13240200
2021-06-11 00:00:00-04:00,331.58163946651865,331.8308890101277,327.94260221502094,330.265625,13587900
2021-06-14 00:00:00-04:00,330.9036874870302,335.8089318849279,328.8199649568692,335.7590637207031,12250800
2021-06-15 00:00:00-04:00,335.9784361074257,338.8996641521481,334.0243280242656,335.7391662597656,15795200
2021-06-16 00:00:00-04:00,335.68927553696795,336.5366995890111,327.7332196722287,330.08612060546875,17232200
<<<<<<< HEAD
2021-06-17 00:00:00-04:00,329.4978992514618,336.96543586692235,329.15892354146007,335.4998474121094,17794100
2021-06-18 00:00:00-04:00,333.525817193468,335.1409494604724,328.01241818986864,328.6704406738281,23039500
2021-06-21 00:00:00-04:00,330.09610108215287,331.92062466472174,326.6664251445494,331.2925109863281,11337500
2021-06-22 00:00:00-04:00,331.6913336460719,338.8996415865946,331.6016074591737,338.0122985839844,15345300
=======
2021-06-17 00:00:00-04:00,329.49792922309354,336.9654665178127,329.1589534822581,335.4998779296875,17794100
2021-06-18 00:00:00-04:00,333.5257862250604,335.1409183420972,328.01238773338895,328.67041015625,23039500
2021-06-21 00:00:00-04:00,330.0961314895216,331.92065524015965,326.66645523598766,331.29254150390625,11337500
2021-06-22 00:00:00-04:00,331.69130369918463,338.8996109889024,331.6015775203875,338.01226806640625,15345300
>>>>>>> e449bea2185155843b42d9ec49e68bf9bed44428
2021-06-23 00:00:00-04:00,338.3313284652083,342.3891182400698,337.1847866773005,339.5675964355469,14817800
2021-06-24 00:00:00-04:00,340.8238166661624,343.8646487908517,340.7639992124678,342.1498107910156,12329100
2021-06-25 00:00:00-04:00,341.5616149185757,343.0870209709015,338.6603464610206,340.34527587890625,14594400
2021-06-28 00:00:00-04:00,341.43196015619213,357.06491345814163,340.74402903442547,354.5724182128906,29156100
<<<<<<< HEAD
2021-06-29 00:00:00-04:00,355.2005362564896,355.66912662554404,348.00220806593336,350.8337097167969,21417300
=======
2021-06-29 00:00:00-04:00,355.2005053590592,355.6690956873529,348.0021777946559,350.83367919921875,21417300
>>>>>>> e449bea2185155843b42d9ec49e68bf9bed44428
2021-06-30 00:00:00-04:00,351.1128630452351,351.8606116815282,346.12787213661414,346.6662292480469,15107500
2021-07-01 00:00:00-04:00,345.7789188084073,353.6053606681341,345.4598720860661,353.3262023925781,17137000
2021-07-02 00:00:00-04:00,354.0340470787229,355.37002094078974,351.5614807278412,353.63525390625,11521300
2021-07-06 00:00:00-04:00,355.4298426586055,357.7129769554033,348.131808853537,351.72100830078125,13488500
<<<<<<< HEAD
2021-07-07 00:00:00-04:00,354.19353584930514,355.41982397427466,348.949316386727,349.4378356933594,14218900
2021-07-08 00:00:00-04:00,344.6921731288736,347.2843439162521,341.53167568135325,344.6123962402344,14406500
2021-07-09 00:00:00-04:00,344.283436480893,349.65724112525425,344.2335683137529,349.3681335449219,13018700
2021-07-12 00:00:00-04:00,350.1756848309127,353.1267909507026,348.5904613617224,352.0998840332031,10018600
2021-07-13 00:00:00-04:00,350.4448862535683,357.4138943121717,347.75297879759023,351.0331115722656,11456000
2021-07-14 00:00:00-04:00,353.4956769939691,354.13377044216776,345.6891945276009,346.58648681640625,13894200
2021-07-15 00:00:00-04:00,348.1816648668519,348.1816648668519,339.198702057322,343.42596435546875,14781600
2021-07-16 00:00:00-04:00,343.8746070098207,344.9513515349738,339.11893718261416,340.1358642578125,11026100
2021-07-19 00:00:00-04:00,336.5566715802652,338.7700086822973,333.5357684137318,335.93853759765625,14372300
2021-07-20 00:00:00-04:00,337.7829688179812,342.41903466287704,333.495888844774,340.6343994140625,11024300
2021-07-21 00:00:00-04:00,340.4748617154381,345.47978137939987,340.2256121827035,345.190673828125,9279700
2021-07-22 00:00:00-04:00,345.6393315667109,350.48475868077105,344.1737429834054,350.13580322265625,12385400
2021-07-23 00:00:00-04:00,359.826613531932,374.20331011861794,356.11777911892574,368.6799621582031,33694300
2021-07-26 00:00:00-04:00,368.47055943210034,373.31598621713806,367.1146565652882,371.3419189453125,14925200
2021-07-27 00:00:00-04:00,370.7936007668108,372.0298687870098,363.4556782615077,366.7059020996094,15705400
2021-07-28 00:00:00-04:00,373.43564133533056,376.4166562008743,365.8285402423766,372.1594848632813,29676900
2021-07-29 00:00:00-04:00,359.91630176222145,364.422722066395,355.6690802655049,357.2443542480469,33413200
2021-07-30 00:00:00-04:00,352.93735459611185,359.6471632794944,351.8805389627548,355.2304382324219,15976200
2021-08-02 00:00:00-04:00,357.02505693626114,358.3211424092866,349.6871344566616,350.8935241699219,13180400
2021-08-03 00:00:00-04:00,351.6711557900354,352.70801192215055,346.6562564924354,350.18560791015625,12406100
2021-08-04 00:00:00-04:00,351.36213230479666,359.39793566628674,350.45486025740627,357.8426208496094,14180600
2021-08-05 00:00:00-04:00,358.5604415630132,362.807633137961,355.8286458487,361.8804321289063,10247200
2021-08-06 00:00:00-04:00,360.3151412313143,364.0538844588653,360.3151412313143,362.4188232421875,8925000
2021-08-09 00:00:00-04:00,362.66804539362977,364.68197064004977,359.6670713200412,360.52447509765625,7798900
=======
2021-07-07 00:00:00-04:00,354.19356678221453,355.4198550142799,348.9493468616411,349.4378662109375,14218900
2021-07-08 00:00:00-04:00,344.69220365351646,347.28437467044785,341.53170592611434,344.6124267578125,14406500
2021-07-09 00:00:00-04:00,344.2834064074671,349.65721058242235,344.2335382446831,349.3681030273437,13018700
2021-07-12 00:00:00-04:00,350.1756848309127,353.1267909507026,348.5904613617224,352.0998840332031,10018600
2021-07-13 00:00:00-04:00,350.4448557871284,357.4138632398709,347.7529485651752,351.0330810546875,11456000
2021-07-14 00:00:00-04:00,353.49564586802404,354.13373926003743,345.6891640890309,346.5864562988281,13894200
2021-07-15 00:00:00-04:00,348.1816648668519,348.1816648668519,339.198702057322,343.42596435546875,14781600
2021-07-16 00:00:00-04:00,343.87463786284525,344.9513824846058,339.11896760895183,340.1358947753906,11026100
2021-07-19 00:00:00-04:00,336.55664100653405,338.7699779075006,333.53573811442783,335.9385070800781,14372300
2021-07-20 00:00:00-04:00,337.7829385558639,342.4190039854127,333.495858966738,340.6343688964844,11024300
2021-07-21 00:00:00-04:00,340.47489181610126,345.4798119225374,340.225642261331,345.1907043457031,9279700
2021-07-22 00:00:00-04:00,345.6393315667109,350.48475868077105,344.1737429834054,350.13580322265625,12385400
2021-07-23 00:00:00-04:00,359.826613531932,374.20331011861794,356.11777911892574,368.6799621582031,33694300
2021-07-26 00:00:00-04:00,368.470529150496,373.31595553732734,367.11462639511456,371.3418884277344,14925200
2021-07-27 00:00:00-04:00,370.7936007668108,372.0298687870098,363.4556782615077,366.7059020996094,15705400
2021-07-28 00:00:00-04:00,373.43564133533056,376.4166562008743,365.8285402423766,372.1594848632813,29676900
2021-07-29 00:00:00-04:00,359.91636325387964,364.42278432797457,355.6691410315257,357.2444152832031,33413200
2021-07-30 00:00:00-04:00,352.9373849166929,359.64719417651,351.8805691925456,355.23046875,15976200
2021-08-02 00:00:00-04:00,357.0250258854172,358.3211112457207,349.68710404400446,350.8934936523437,13180400
2021-08-03 00:00:00-04:00,351.6711557900354,352.70801192215055,346.6562564924354,350.18560791015625,12406100
2021-08-04 00:00:00-04:00,351.36210233988834,359.397905016068,350.45483036987207,357.84259033203125,14180600
2021-08-05 00:00:00-04:00,358.5604415630132,362.807633137961,355.8286458487,361.8804321289063,10247200
2021-08-06 00:00:00-04:00,360.3151412313143,364.0538844588653,360.3151412313143,362.4188232421875,8925000
2021-08-09 00:00:00-04:00,362.6680760926562,364.6820015095505,359.66710176504205,360.5245056152344,7798900
>>>>>>> e449bea2185155843b42d9ec49e68bf9bed44428
2021-08-10 00:00:00-04:00,360.74383994668176,363.0070452996011,357.96223691680177,360.04595947265625,7469900
2021-08-11 00:00:00-04:00,361.0130462713922,361.2722451079642,356.7359155693016,358.87945556640625,8400300
2021-08-12 00:00:00-04:00,357.37399690023767,361.91032628521583,356.0379926123764,361.5613708496094,7170700
2021-08-13 00:00:00-04:00,361.8804216215164,363.5653509379357,360.3949041065312,362.08978271484375,7195700
2021-08-16 00:00:00-04:00,361.431774536448,365.8484996620607,356.3072196379439,365.4596557617188,11222100
<<<<<<< HEAD
2021-08-17 00:00:00-04:00,361.8903932450658,363.57532252379866,354.0041343624562,357.3739929199219,12328700
=======
2021-08-17 00:00:00-04:00,361.89042414831727,363.57535357093286,354.0041645922688,357.3740234375,12328700
>>>>>>> e449bea2185155843b42d9ec49e68bf9bed44428
2021-08-18 00:00:00-04:00,355.180581934865,358.7797305606736,354.083877912469,354.38299560546875,10042400
2021-08-19 00:00:00-04:00,350.29531344461213,356.49664328489155,349.9463579995896,354.0539855957031,12004500
2021-08-20 00:00:00-04:00,353.53555890709123,358.9093632483338,352.2494227421902,358.2912292480469,8697700
<<<<<<< HEAD
2021-08-23 00:00:00-04:00,358.36104118573195,364.5922800356036,358.02206544341544,362.2593078613281,10942000
2021-08-24 00:00:00-04:00,362.5683585774453,366.8554385430725,360.7538146036901,364.4128112792969,9235100
2021-08-25 00:00:00-04:00,364.502546203974,369.74673602039945,364.3031343945712,367.2841796875,9684500
2021-08-26 00:00:00-04:00,367.27418648149455,368.3310020953842,363.03694430804137,363.28619384765625,7888700
2021-08-27 00:00:00-04:00,364.0040189628039,372.61806688072136,362.9870614098361,371.5114135742188,11219100
2021-08-30 00:00:00-04:00,371.4416127062841,380.3447985090643,369.4077280465624,379.5173034667969,13547300
2021-08-31 00:00:00-04:00,378.8094461303747,381.611008400673,377.6628739568487,378.24114990234375,12345400
2021-09-01 00:00:00-04:00,378.4505302375749,383.17629180881335,377.67287288501706,380.9031372070313,11567200
2021-09-02 00:00:00-04:00,380.35480274941193,380.60405229249807,372.9371339130916,374.1534729003906,14832900
2021-09-03 00:00:00-04:00,373.625046778857,376.0278159075903,371.9899552518644,375.1305236816406,7509600
2021-09-07 00:00:00-04:00,374.7516992062335,381.81043328053215,372.0298830875572,381.0327758789063,10793800
2021-09-08 00:00:00-04:00,379.01880593177503,379.7266660720665,373.6649309381687,376.43658447265625,11067200
2021-09-09 00:00:00-04:00,376.5063906856591,378.6897886116205,375.43959537790056,376.86529541015625,9098900
2021-09-10 00:00:00-04:00,380.2152213460774,382.63795011109846,377.12455124735664,377.5532531738281,11549600
2021-09-13 00:00:00-04:00,380.5342857041181,380.6040828840249,373.22630190087153,375.37982177734375,13026300
2021-09-14 00:00:00-04:00,376.2671027768829,377.4535330316968,373.9839684513206,375.3997192382813,8711600
2021-09-15 00:00:00-04:00,375.8683179446405,376.4266344974303,366.5663382115807,372.7975769042969,17940300
2021-09-16 00:00:00-04:00,371.6709459666614,372.4386235828411,368.6001746500054,371.9401245117188,11934200
2021-09-17 00:00:00-04:00,370.2950723905549,370.2950723905549,360.50454362950006,363.6251525878906,26299000
=======
2021-08-23 00:00:00-04:00,358.36101099655303,364.5922493214903,358.0220352827926,362.25927734375,10942000
2021-08-24 00:00:00-04:00,362.56832821433,366.8554078209377,360.7537843925328,364.4127807617188,9235100
2021-08-25 00:00:00-04:00,364.502546203974,369.74673602039945,364.3031343945712,367.2841796875,9684500
2021-08-26 00:00:00-04:00,367.27421733408096,368.3310330367476,363.0369748046815,363.2862243652344,7888700
2021-08-27 00:00:00-04:00,364.0040488636917,372.6180974892049,362.9870912271865,371.5114440917969,11219100
2021-08-30 00:00:00-04:00,371.44164257448335,380.34482909318257,369.4077577512138,379.517333984375,13547300
2021-08-31 00:00:00-04:00,378.8094766938045,381.6110391901409,377.6629044277699,378.2411804199219,12345400
2021-09-01 00:00:00-04:00,378.4505302375749,383.17629180881335,377.67287288501706,380.9031372070313,11567200
2021-09-02 00:00:00-04:00,380.35480274941193,380.60405229249807,372.9371339130916,374.1534729003906,14832900
2021-09-03 00:00:00-04:00,373.6250771739617,376.0278464981649,371.98998551395135,375.1305541992188,7509600
2021-09-07 00:00:00-04:00,374.7516691917177,381.81040270067007,372.0298532910364,381.0327453613281,10793800
2021-09-08 00:00:00-04:00,379.01880593177503,379.7266660720665,373.6649309381687,376.43658447265625,11067200
2021-09-09 00:00:00-04:00,376.5063906856591,378.6897886116205,375.43959537790056,376.86529541015625,9098900
2021-09-10 00:00:00-04:00,380.2151906133328,382.63791918252497,377.1245207644304,377.55322265625,11549600
2021-09-13 00:00:00-04:00,380.53425476749305,380.6040519417256,373.22627155837,375.3797912597656,13026300
2021-09-14 00:00:00-04:00,376.267072188792,377.4535023471568,373.9839380488339,375.3996887207031,8711600
2021-09-15 00:00:00-04:00,375.8683179446405,376.4266344974303,366.5663382115807,372.7975769042969,17940300
2021-09-16 00:00:00-04:00,371.67097646215353,372.4386541413209,368.6002048935416,371.9401550292969,11934200
2021-09-17 00:00:00-04:00,370.2951034679122,370.2951034679122,360.5045738851782,363.6251831054688,26299000
>>>>>>> e449bea2185155843b42d9ec49e68bf9bed44428
2021-09-20 00:00:00-04:00,358.22140144805405,359.94621909653137,348.7499195961888,354.6322326660156,19822800
2021-09-21 00:00:00-04:00,357.4238791846101,358.9592650370604,354.1238173506236,356.4069519042969,11751900
2021-09-22 00:00:00-04:00,346.18766995334903,348.7898204555571,339.6672936955184,342.1797180175781,43692900
2021-09-23 00:00:00-04:00,344.32330374911896,348.6203942326278,341.9704024649058,344.9215087890625,21806300
2021-09-24 00:00:00-04:00,342.209628613607,353.2862936661663,341.3422451081329,351.90045166015625,18801900
2021-09-27 00:00:00-04:00,348.75991321059666,354.08387957046523,346.0380973639919,352.5185852050781,15205800
2021-09-28 00:00:00-04:00,346.92544458822914,348.5505564273731,337.9026235761317,339.6274108886719,21710300
<<<<<<< HEAD
2021-09-29 00:00:00-04:00,342.11992781779594,344.19370112187414,337.86275643757176,338.5905456542969,14452200
=======
2021-09-29 00:00:00-04:00,342.1198969821103,344.19367009927674,337.86272598559015,338.59051513671875,14452200
>>>>>>> e449bea2185155843b42d9ec49e68bf9bed44428
2021-09-30 00:00:00-04:00,339.4280314223845,341.7709527277901,337.13491742798817,338.3712158203125,16547100
2021-10-01 00:00:00-04:00,340.58452492274154,343.984292280388,337.623469613081,341.9803466796875,14905300
2021-10-04 00:00:00-04:00,334.52280347392895,334.93157638538963,321.7313300071697,325.250732421875,42885000
2021-10-05 00:00:00-04:00,327.5936532947295,334.17384746228475,325.1809347030738,331.96051025390625,35377900
<<<<<<< HEAD
2021-10-06 00:00:00-04:00,328.7502016713572,333.3762882747675,324.8220260312801,332.6385192871094,26443000
2021-10-07 00:00:00-04:00,335.98836407261075,337.8228369493688,327.9924501598988,328.2317199707031,28307500
2021-10-08 00:00:00-04:00,330.5148738574937,332.399184581762,327.72326071928603,329.0592346191406,15946100
2021-10-11 00:00:00-04:00,326.64650159566173,329.46799291091503,324.3334586361091,324.4730529785156,14708200
2021-10-12 00:00:00-04:00,322.06029632488094,323.40624985050283,316.41728340500566,322.7980651855469,31658700
2021-10-13 00:00:00-04:00,325.988494158944,326.0184028871242,321.6914344632249,323.5657958984375,14761500
2021-10-14 00:00:00-04:00,327.3742896559668,329.52780925665826,326.1180927083729,327.5437927246094,14302200
2021-10-15 00:00:00-04:00,327.6933414032795,328.0821852824041,321.54187991707744,323.7851257324219,21596400
2021-10-18 00:00:00-04:00,327.9625413863682,334.88171072349746,326.5168819523751,334.3333435058594,21585000
=======
2021-10-06 00:00:00-04:00,328.7501715105088,333.3762576895035,324.82199623081806,332.63848876953125,26443000
2021-10-07 00:00:00-04:00,335.9883953113684,337.82286835868786,327.9924806552306,328.23175048828125,28307500
2021-10-08 00:00:00-04:00,330.5148738574937,332.399184581762,327.72326071928603,329.0592346191406,15946100
2021-10-11 00:00:00-04:00,326.64650159566173,329.46799291091503,324.3334586361091,324.4730529785156,14708200
2021-10-12 00:00:00-04:00,322.0603267727098,323.4062804255792,316.41731331933977,322.798095703125,31658700
2021-10-13 00:00:00-04:00,325.988494158944,326.0184028871242,321.6914344632249,323.5657958984375,14761500
2021-10-14 00:00:00-04:00,327.3742896559668,329.52780925665826,326.1180927083729,327.5437927246094,14302200
2021-10-15 00:00:00-04:00,327.69337228921694,328.08221620499114,321.5419102232239,323.78515625,21596400
2021-10-18 00:00:00-04:00,327.9625713224265,334.88174129113,326.5169117564753,334.3333740234375,21585000
>>>>>>> e449bea2185155843b42d9ec49e68bf9bed44428
2021-10-19 00:00:00-04:00,338.63041514966994,341.4319775136786,336.26753440520423,338.9693908691406,18786300
2021-10-20 00:00:00-04:00,342.41904817473664,342.9474560102012,338.4310553256541,339.7570495605469,13639500
2021-10-21 00:00:00-04:00,339.25852613755825,341.2824311463624,336.7859597950024,340.8537292480469,16354400
2021-10-22 00:00:00-04:00,325.37035657528395,328.64050933283534,320.1460655115844,323.63555908203125,35224500
<<<<<<< HEAD
2021-10-25 00:00:00-04:00,319.3384794373487,328.57069158479675,318.7602339264526,327.70330810546875,38409000
2021-10-26 00:00:00-04:00,327.27460756736895,329.2187356158479,308.6706192835606,314.8619689941406,65654000
2021-10-27 00:00:00-04:00,313.24683281872376,318.29164072789825,311.1232220155638,311.2827453613281,29971800
2021-10-28 00:00:00-04:00,312.0504327011483,324.5428179620844,307.1850769940056,315.9686584472656,50806800
2021-10-29 00:00:00-04:00,319.2288050843728,325.0213612667365,318.64057989147835,322.5986633300781,37059400
2021-11-01 00:00:00-04:00,325.0612961597824,332.4490563481831,325.021407713184,328.9894714355469,31518900
2021-11-02 00:00:00-04:00,330.38526610144385,333.7850335910705,322.8280027591153,327.0951538085937,28353000
2021-11-03 00:00:00-04:00,326.50693475210164,331.1529500717149,322.22983432878965,330.6245422363281,20786500
2021-11-04 00:00:00-04:00,333.0073848384563,336.25757834248174,331.6514514392174,334.84185791015625,22495300
2021-11-05 00:00:00-04:00,339.2884113103104,345.7489697675919,338.6204396408832,340.10595703125,26872800
2021-11-08 00:00:00-05:00,343.3861232694551,343.75500772438323,337.32435735430005,337.603515625,18342500
2021-11-09 00:00:00-05:00,338.9793568422819,340.2854219301556,333.4659585200917,334.3632507324219,17556700
=======
2021-10-25 00:00:00-04:00,319.3385091759469,328.5707221831505,318.76026361120125,327.7033386230469,38409000
2021-10-26 00:00:00-04:00,327.2746392880256,329.2187675249366,308.6706492010504,314.86199951171875,65654000
2021-10-27 00:00:00-04:00,313.2468635288574,318.29167193261543,311.1232525175026,311.28277587890625,29971800
2021-10-28 00:00:00-04:00,312.0504327011483,324.5428179620844,307.1850769940056,315.9686584472656,50806800
2021-10-29 00:00:00-04:00,319.228835283165,325.0213920134999,318.6406100346249,322.59869384765625,37059400
2021-11-01 00:00:00-04:00,325.0612961597824,332.4490563481831,325.021407713184,328.9894714355469,31518900
2021-11-02 00:00:00-04:00,330.38526610144385,333.7850335910705,322.8280027591153,327.0951538085937,28353000
2021-11-03 00:00:00-04:00,326.50693475210164,331.1529500717149,322.22983432878965,330.6245422363281,20786500
2021-11-04 00:00:00-04:00,333.0073544880725,336.25754769587445,331.65142121241377,334.8418273925781,22495300
2021-11-05 00:00:00-04:00,339.2884417545304,345.7490007915154,338.6204700251664,340.1059875488281,26872800
2021-11-08 00:00:00-05:00,343.3860922291597,343.75497665074266,337.3243268619564,337.6034851074219,18342500
2021-11-09 00:00:00-05:00,338.9793877811754,340.28545298825463,333.4659889557733,334.36328125,17556700
>>>>>>> e449bea2185155843b42d9ec49e68bf9bed44428
2021-11-10 00:00:00-05:00,331.49191091128387,332.1898217987859,324.532883176108,326.656494140625,21872600
2021-11-11 00:00:00-05:00,328.8299684564297,331.4620280016308,326.0184261033966,326.7561950683594,12376600
2021-11-12 00:00:00-05:00,329.1888275886264,340.8337581733808,328.7900344311149,339.86669921875,25414300
2021-11-15 00:00:00-05:00,343.30635768347355,352.5884085223965,342.1697955531822,346.5166931152344,25076600
2021-11-16 00:00:00-05:00,342.7978644894021,345.6094066071327,339.8467584505622,341.93048095703125,18181100
2021-11-17 00:00:00-05:00,343.2066245025745,346.2574363282315,339.0790680903196,339.7470397949219,13602800
2021-11-18 00:00:00-05:00,338.7002162141815,341.4319814369323,334.29347095848897,337.6733093261719,17487200
2021-11-19 00:00:00-05:00,341.17278824488864,351.0430641092492,338.8796741828446,344.2634582519531,26488500
<<<<<<< HEAD
2021-11-22 00:00:00-05:00,348.00220209233976,352.7678521693157,339.48785955324604,339.9863586425781,27116800
2021-11-23 00:00:00-05:00,337.91255937222866,340.3751459009421,332.498866981184,336.23760986328125,17225000
2021-11-24 00:00:00-05:00,334.9913855352799,340.7540337479849,331.8109589349597,340.03619384765625,13566200
2021-11-26 00:00:00-05:00,334.7919734290382,336.7361320315847,330.9036866499148,332.1200256347656,14750700
2021-11-29 00:00:00-05:00,335.8787272173173,339.6473790730221,334.3034530742943,337.0152893066406,16650900
2021-11-30 00:00:00-05:00,333.99439235019497,334.8019584468745,322.459116034554,323.48602294921875,25390000
2021-12-01 00:00:00-05:00,329.29856161666385,329.50792273059415,309.3585965497595,309.66766357421875,30329600
2021-12-02 00:00:00-05:00,310.4651993349972,313.6556053953796,306.2778256099583,309.458251953125,24396200
2021-12-03 00:00:00-05:00,312.7882467898618,312.8081757999103,298.6009518791176,305.9189147949219,27471000
2021-12-06 00:00:00-05:00,307.2050496062129,319.1391188643855,305.4204143706817,316.9158020019531,21758300
2021-12-07 00:00:00-05:00,320.60470492097096,325.55978698250743,320.0364086687658,321.8409729003906,18794000
2021-12-08 00:00:00-05:00,324.0244110160925,331.7511469710916,322.1002118159835,329.5677185058594,19937700
2021-12-09 00:00:00-05:00,328.55079777366467,335.1210123090702,327.0154120150539,328.8299560546875,16879200
2021-12-10 00:00:00-05:00,331.5617249117454,334.02431172700466,325.3903035088481,328.7601623535156,14528000
=======
2021-11-22 00:00:00-05:00,348.0022333294295,352.76788383417585,339.4878900260783,339.98638916015625,27116800
2021-11-23 00:00:00-05:00,337.9125900418284,340.37517679405096,332.4988971594265,336.2376403808594,17225000
2021-11-24 00:00:00-05:00,334.9913855352799,340.7540337479849,331.8109589349597,340.03619384765625,13566200
2021-11-26 00:00:00-05:00,334.7919734290382,336.7361320315847,330.9036866499148,332.1200256347656,14750700
2021-11-29 00:00:00-05:00,335.8787272173173,339.6473790730221,334.3034530742943,337.0152893066406,16650900
2021-11-30 00:00:00-05:00,333.99436084126035,334.80192686175434,322.4590856138539,323.4859924316406,25390000
2021-12-01 00:00:00-05:00,329.2985291644715,329.50789025776936,309.35856606263974,309.6676330566406,30329600
2021-12-02 00:00:00-05:00,310.4652299518766,313.6556363268845,306.2778558138951,309.4582824707031,24396200
2021-12-03 00:00:00-05:00,312.7882467898618,312.8081757999103,298.6009518791176,305.9189147949219,27471000
2021-12-06 00:00:00-05:00,307.20507918868896,319.1391495960591,305.4204437813053,316.91583251953125,21758300
2021-12-07 00:00:00-05:00,320.6046745206181,325.5597561123042,320.0363783222999,321.8409423828125,18794000
2021-12-08 00:00:00-05:00,324.0244110160925,331.7511469710916,322.1002118159835,329.5677185058594,19937700
2021-12-09 00:00:00-05:00,328.5507672819943,335.12098120764074,327.01538166587744,328.8299255371094,16879200
2021-12-10 00:00:00-05:00,331.5616941341087,334.0242807207752,325.3902733040814,328.7601318359375,14528000
>>>>>>> e449bea2185155843b42d9ec49e68bf9bed44428
2021-12-13 00:00:00-05:00,329.956549340724,340.0660947426896,328.6006160375714,333.48590087890625,22948700
2021-12-14 00:00:00-05:00,327.0652371641033,334.69229749758995,326.66644398170445,332.7381591796875,20461000
2021-12-15 00:00:00-05:00,331.49188308237734,341.0829997785276,323.0074500805343,340.6343688964844,24681300
2021-12-16 00:00:00-05:00,337.9624225546572,343.42595259993067,332.7381318880368,333.8946533203125,22635000
2021-12-17 00:00:00-05:00,331.8009760326336,336.098035675344,329.75714197160244,332.7880249023437,40012600
2021-12-20 00:00:00-05:00,328.7900414860018,328.90967639322554,321.56180505687627,324.4730529785156,17901800
<<<<<<< HEAD
2021-12-21 00:00:00-05:00,325.4301536219043,334.99136175418903,322.7781350235676,333.19677734375,16116800
2021-12-22 00:00:00-05:00,332.7979576650036,333.5058482313263,327.27461003039406,329.4580383300781,16764600
2021-12-23 00:00:00-05:00,329.1091180731663,335.6594036721609,327.3743204829939,334.2336730957031,13987700
2021-12-27 00:00:00-05:00,337.83282514146373,346.82573739274113,336.9953503566724,345.14080810546875,17795000
2021-12-28 00:00:00-05:00,345.58949801915304,351.65123381199885,344.1637978661574,345.18072509765625,16637600
2021-12-29 00:00:00-05:00,345.8686677796055,348.6403217073511,340.61449793690707,341.9105834960937,10747000
2021-12-30 00:00:00-05:00,342.96735870332367,346.1876736351948,342.18970137446536,343.3262634277344,10593300
2021-12-31 00:00:00-05:00,341.99029261738474,342.4090452255553,335.2605551411372,335.34033203125,12870500
2022-01-03 00:00:00-05:00,337.2844424439792,340.0560959234464,336.1777891660256,337.52374267578125,14537900
2022-01-04 00:00:00-05:00,338.92955316889066,342.0601117222507,330.87379060521715,335.5198059082031,15998000
2022-01-05 00:00:00-05:00,332.0203085845186,334.7521041691798,322.8678729903556,323.1968994140625,20564500
2022-01-06 00:00:00-05:00,321.85095900439603,338.1518852938226,321.7512531014392,331.4620056152344,27962800
2022-01-07 00:00:00-05:00,331.7411668869623,335.9883888983678,327.8927684909896,330.7940368652344,14722000
2022-01-10 00:00:00-05:00,324.33345006326266,327.3543530946852,314.48310394930013,327.0851745605469,24942400
2022-01-11 00:00:00-05:00,325.79905954212126,333.6255012321851,324.30356229278306,333.36627197265625,16226800
2022-01-12 00:00:00-05:00,334.1738324455977,335.36026267757467,329.0392980608908,332.2596130371094,14104900
=======
2021-12-21 00:00:00-05:00,325.4301834281354,334.99139243613365,322.7781645868996,333.1968078613281,16116800
2021-12-22 00:00:00-05:00,332.79798849195726,333.5058791238516,327.274640345722,329.45806884765625,16764600
2021-12-23 00:00:00-05:00,329.1091180731663,335.6594036721609,327.3743204829939,334.2336730957031,13987700
2021-12-27 00:00:00-05:00,337.83279527006226,346.82570672618044,336.99532055932104,345.1407775878906,17795000
2021-12-28 00:00:00-05:00,345.5894674654351,351.65120272236027,344.1637674384863,345.1806945800781,16637600
2021-12-29 00:00:00-05:00,345.8686369087445,348.64029058910336,340.6144675350124,341.9105529785156,10747000
2021-12-30 00:00:00-05:00,342.96735870332367,346.1876736351948,342.18970137446536,343.3262634277344,10593300
2021-12-31 00:00:00-05:00,341.99029261738474,342.4090452255553,335.2605551411372,335.34033203125,12870500
2022-01-03 00:00:00-05:00,337.2844729399207,340.05612666999,336.1778195619079,337.5237731933594,14537900
2022-01-04 00:00:00-05:00,338.9295223411752,342.0600806097918,330.8737605102225,335.519775390625,15998000
2022-01-05 00:00:00-05:00,332.0203085845186,334.7521041691798,322.8678729903556,323.1968994140625,20564500
2022-01-06 00:00:00-05:00,321.8509293717032,338.1518541603098,321.75122347792626,331.46197509765625,27962800
2022-01-07 00:00:00-05:00,331.7411362820061,335.988357901582,327.89273824106954,330.79400634765625,14722000
2022-01-10 00:00:00-05:00,324.33345006326266,327.3543530946852,314.48310394930013,327.0851745605469,24942400
2022-01-11 00:00:00-05:00,325.79905954212126,333.6255012321851,324.30356229278306,333.36627197265625,16226800
2022-01-12 00:00:00-05:00,334.17380175220126,335.36023187520624,329.03926783909407,332.25958251953125,14104900
>>>>>>> e449bea2185155843b42d9ec49e68bf9bed44428
2022-01-13 00:00:00-05:00,333.9744538229546,334.6224965402721,324.7821295918321,325.4999694824219,14797100
2022-01-14 00:00:00-05:00,320.82404962964057,331.73121204304454,320.2457736525228,330.9036865234375,16868500
2022-01-18 00:00:00-05:00,322.3195622489632,323.23678357050267,316.6865284053852,317.1949768066406,22645600
2022-01-19 00:00:00-05:00,318.6206660338097,326.11811184489875,318.37141648798297,318.6306457519531,20814700
<<<<<<< HEAD
2022-01-20 00:00:00-05:00,322.92770419601777,326.8359504463724,315.0314956543596,315.6097412109375,16925000
2022-01-21 00:00:00-05:00,313.8649916132988,317.3544852099629,302.1303341001518,302.25994873046875,28710700
2022-01-24 00:00:00-05:00,296.9459295036121,308.60084047441666,288.14244910324567,307.7832946777344,38878100
=======
2022-01-20 00:00:00-05:00,322.9276729708363,326.83591884328683,315.0314651926943,315.6097106933594,16925000
2022-01-21 00:00:00-05:00,313.86495992402126,317.3544531683698,302.13030359566017,302.2599182128906,28710700
2022-01-24 00:00:00-05:00,296.9459000605892,308.6008098757766,288.14242053311256,307.78326416015625,38878100
>>>>>>> e449bea2185155843b42d9ec49e68bf9bed44428
2022-01-25 00:00:00-05:00,299.04961154264987,305.31075879721567,296.68670033551984,299.2489929199219,25108500
2022-01-26 00:00:00-05:00,306.0883853327708,306.58688436471834,289.9768929691086,293.7455444335937,28348800
2022-01-27 00:00:00-05:00,296.8562038906389,300.8043081082505,293.37669002802943,293.75555419921875,21629900
<<<<<<< HEAD
2022-01-28 00:00:00-05:00,294.73257594233564,300.9937228461612,292.1503544926495,300.8042907714844,21871600
2022-01-31 00:00:00-05:00,299.7773877128599,312.84804890035986,298.42148487279707,312.31964111328125,21579500
=======
2022-01-28 00:00:00-05:00,294.73260584391846,300.9937533829578,292.1503841322575,300.8043212890625,21871600
2022-01-31 00:00:00-05:00,299.7773584208185,312.8480183311496,298.42145571324454,312.3196105957031,21579500
>>>>>>> e449bea2185155843b42d9ec49e68bf9bed44428
2022-02-01 00:00:00-05:00,313.61574508012694,318.70044188353825,311.1830670867454,318.0424194335937,18023800
2022-02-02 00:00:00-05:00,326.83593378944937,327.01538615034826,315.91879211190866,322.0303955078125,58458300
2022-02-03 00:00:00-05:00,243.91559670405323,247.2555466655765,235.0423190581035,237.04627990722656,188119900
<<<<<<< HEAD
2022-02-04 00:00:00-05:00,234.26467973792293,241.8817457502468,229.4192676402283,236.37831115722656,89342200
2022-02-07 00:00:00-05:00,236.98646325095496,237.5846682413913,223.3375557955954,224.23486328125,88613800
2022-02-08 00:00:00-05:00,220.18706041460717,225.09228977447208,215.5011566646479,219.51905822753903,94729700
2022-02-09 00:00:00-05:00,223.5269849013812,232.66945622232743,221.5429682951021,231.30357360839844,86563300
2022-02-10 00:00:00-05:00,227.58477256449515,234.2945658721776,226.01947816260588,227.3853759765625,49310400
2022-02-11 00:00:00-05:00,227.77421842176253,229.7283263998512,218.11330330430576,218.89096069335935,46156900
2022-02-14 00:00:00-05:00,218.6516611552481,220.33659045753024,214.1352607669809,217.04649353027344,38184000
2022-02-15 00:00:00-05:00,219.80817059733025,220.4861219977724,214.414407267585,220.33657836914065,42685500
=======
2022-02-04 00:00:00-05:00,234.26466461557388,241.8817301361978,229.41925283066223,236.3782958984375,89342200
2022-02-07 00:00:00-05:00,236.98646325095496,237.5846682413913,223.3375557955954,224.23486328125,88613800
2022-02-08 00:00:00-05:00,220.1870451093852,225.0922741282872,215.50114168514355,219.51904296875,94729700
2022-02-09 00:00:00-05:00,223.52697015560335,232.6694408734329,221.5429536802072,231.30355834960935,86563300
2022-02-10 00:00:00-05:00,227.5847878366648,234.29458159461063,226.0194933297358,227.3853912353516,49310400
2022-02-11 00:00:00-05:00,227.77418666568877,229.72829437133743,218.11327289514796,218.89093017578125,46156900
2022-02-14 00:00:00-05:00,218.6516765268836,220.33660594761952,214.1352758211047,217.0465087890625,38184000
2022-02-15 00:00:00-05:00,219.8081858195259,220.4861372669177,214.4144221162508,220.3365936279297,42685500
>>>>>>> e449bea2185155843b42d9ec49e68bf9bed44428
2022-02-16 00:00:00-05:00,211.77237693054747,216.807220541202,211.72252398133617,215.8899688720703,45817500
2022-02-17 00:00:00-05:00,213.3775425382876,216.8470917465976,206.5381348061744,207.08648681640625,38747500
2022-02-18 00:00:00-05:00,208.76143738873648,210.11735545117563,204.56406857663936,205.5411376953125,37128400
2022-02-22 00:00:00-05:00,201.7326027150939,206.8571726152348,199.4594481422989,201.473388671875,39852400
2022-02-23 00:00:00-05:00,203.54714465839933,206.3187982807035,197.45548539218748,197.85427856445312,44481400
2022-02-24 00:00:00-05:00,190.48646398916395,207.7245705114597,189.64898919478915,206.9768218994141,49957200
2022-02-25 00:00:00-05:00,204.3247969054776,210.68564977171744,202.57007048004093,209.84815979003903,37627600
<<<<<<< HEAD
2022-02-28 00:00:00-05:00,207.05658007676797,212.51016147949213,206.20914072963544,210.3965301513672,34239800
2022-03-01 00:00:00-05:00,209.23998797223467,211.11434928266297,201.6129585343473,202.879150390625,27094900
2022-03-02 00:00:00-05:00,204.165269768892,208.52214659918684,201.41356048865055,207.4852752685547,29452100
=======
2022-02-28 00:00:00-05:00,207.0565650602053,212.51014606741413,206.20912577453245,210.39651489257807,34239800
2022-03-01 00:00:00-05:00,209.23998797223467,211.11434928266297,201.6129585343473,202.879150390625,27094900
2022-03-02 00:00:00-05:00,204.1652847835227,208.52216193422905,201.4135753009163,207.48529052734372,29452100
>>>>>>> e449bea2185155843b42d9ec49e68bf9bed44428
2022-03-03 00:00:00-05:00,208.39255968466628,208.452377140195,200.81536758267868,202.3607177734375,27263500
2022-03-04 00:00:00-05:00,201.7625208046852,205.27195872725724,198.1932654242089,199.4594573974609,32130900
2022-03-07 00:00:00-05:00,200.1872490854912,200.28695498431068,186.7178097413226,186.90724182128903,38560600
<<<<<<< HEAD
2022-03-08 00:00:00-05:00,187.2861176919056,196.1095426217104,185.55133534966967,189.71878051757807,37508100
2022-03-09 00:00:00-05:00,195.1524196630895,198.502333992189,193.33787576220956,197.9041290283203,31894700
=======
2022-03-08 00:00:00-05:00,187.28610262877183,196.1095268489222,185.5513204260618,189.71876525878903,37508100
2022-03-09 00:00:00-05:00,195.1524347097165,198.5023492971008,193.3378906689317,197.90414428710935,31894700
>>>>>>> e449bea2185155843b42d9ec49e68bf9bed44428
2022-03-10 00:00:00-05:00,194.25512376223008,195.69080359045276,190.4964515378524,194.6240234375,24853000
2022-03-11 00:00:00-05:00,192.0617288537451,192.9789653541072,186.109648500028,187.0468292236328,34694500
2022-03-14 00:00:00-04:00,186.46855634464237,191.71276095605265,185.2621971440308,186.06976318359372,31010500
2022-03-15 00:00:00-04:00,190.22724878943689,191.7028017819256,185.35192847708595,191.45355224609372,31721700
2022-03-16 00:00:00-04:00,194.1155364184905,203.11842848000143,193.93608405404103,203.01873779296875,40640300
2022-03-17 00:00:00-04:00,201.09452684587967,207.4154915611141,200.5063015796227,207.21609497070312,29499700
2022-03-18 00:00:00-04:00,206.0795133181528,216.1492006575486,205.38161765996333,215.8401336669922,52128000
<<<<<<< HEAD
2022-03-21 00:00:00-04:00,213.85610732854028,214.06548363782,207.00673477316596,210.8551483154297,30142300
=======
2022-03-21 00:00:00-04:00,213.8560918525832,214.0654681467111,207.006719792872,210.85513305664065,30142300
>>>>>>> e449bea2185155843b42d9ec49e68bf9bed44428
2022-03-22 00:00:00-04:00,210.73549988823453,218.80122670524423,209.5490696230546,215.9996490478516,31998800
2022-03-23 00:00:00-04:00,212.6896144999457,216.149199254134,211.52312850462047,212.81922912597656,23717300
2022-03-24 00:00:00-04:00,214.3545998746329,220.0075774969314,214.14522357173996,218.910888671875,31502300
2022-03-25 00:00:00-04:00,219.8480487196096,224.82307478691212,218.2329166425104,221.1541290283203,40039000
2022-03-28 00:00:00-04:00,221.46319923451628,223.36745409879407,218.8809625188696,222.91880798339844,26224100
2022-03-29 00:00:00-04:00,225.39138182796785,230.1969050589597,224.61370926551567,229.1699981689453,31417900
2022-03-30 00:00:00-04:00,228.22284647159665,230.45611255511932,226.02945361971507,227.16603088378903,25588000
2022-03-31 00:00:00-04:00,227.7642355224894,227.80412396972173,221.59281423650597,221.6925201416016,24192300
<<<<<<< HEAD
2022-04-01 00:00:00-04:00,223.87593109046944,226.5977317008882,222.03147848161265,224.17503356933597,19544800
2022-04-04 00:00:00-04:00,225.3016377097652,233.64652257129472,225.18200279990305,233.1878967285156,28054800
2022-04-05 00:00:00-04:00,233.37732425817663,236.14897784446447,230.3265124123335,231.14404296875,29727200
2022-04-06 00:00:00-04:00,226.2288482895174,228.30260621594311,220.7453585997232,222.6296844482422,28995100
2022-04-07 00:00:00-04:00,223.2578004398968,224.84303914556045,217.9039249544807,222.2807464599609,21037200
2022-04-08 00:00:00-04:00,221.7124658679248,224.4542109338001,219.3695139991644,221.66261291503903,18375700
2022-04-11 00:00:00-04:00,217.76431889999503,219.9477471301944,214.57392808524455,215.81021118164065,20516600
2022-04-12 00:00:00-04:00,219.5788874436633,221.3635075149376,212.49022968482925,213.4971923828125,20128800
2022-04-13 00:00:00-04:00,211.1841677739573,215.959782497766,210.6956331752396,214.3446502685547,19231800
2022-04-14 00:00:00-04:00,214.2449404340963,214.3446463382873,209.36961989366327,209.549072265625,18379500
2022-04-18 00:00:00-04:00,209.3696209729036,212.7394797405275,207.67472708381524,210.13731384277344,16580800
2022-04-19 00:00:00-04:00,209.88804343043807,217.77428680796368,208.37260206487628,216.65765380859372,20089900
2022-04-20 00:00:00-04:00,212.96878314260368,213.51713518755892,198.3228773546302,199.81837463378903,43036500
2022-04-21 00:00:00-04:00,200.9948309973504,202.3607135802354,185.0229165438024,187.5054473876953,49954100
2022-04-22 00:00:00-04:00,189.79854589746523,192.14149779502063,182.7198676772715,183.55734252929688,36426800
2022-04-25 00:00:00-04:00,182.1814587725035,186.6180972802434,181.11467871497183,186.42868041992188,29281100
2022-04-26 00:00:00-04:00,186.0697720525075,186.62808858978096,178.9611702812584,180.4068145751953,31747400
2022-04-27 00:00:00-04:00,173.9063918720567,180.6660537863757,168.4926988502836,174.42483520507812,71062900
2022-04-28 00:00:00-04:00,202.310864368291,207.90402464242985,192.32093856685375,205.1124267578125,100890600
2022-04-29 00:00:00-04:00,203.8462377248848,211.8421515141268,199.29991362101453,199.8682098388672,49193400
2022-05-02 00:00:00-04:00,200.5661224905318,211.24397971576244,200.386670119966,210.4962310791016,49915300
2022-05-03 00:00:00-04:00,209.81826521041376,214.25490409571364,207.46534888282997,211.39352416992188,41556300
2022-05-04 00:00:00-04:00,210.0176582491818,223.62669238605991,206.3387477838742,222.73936462402344,41375900
2022-05-05 00:00:00-04:00,218.08337706101105,219.50907708878503,205.54113872392804,207.6547698974609,41129200
=======
2022-04-01 00:00:00-04:00,223.8759463288997,226.5977471245816,222.0314935944976,224.175048828125,19544800
2022-04-04 00:00:00-04:00,225.3016377097652,233.64652257129472,225.18200279990305,233.1878967285156,28054800
2022-04-05 00:00:00-04:00,233.3773088519593,236.1489622552786,230.32649720751303,231.1440277099609,29727200
2022-04-06 00:00:00-04:00,226.2288637949891,228.30262186354787,220.74537372936263,222.62969970703125,28995100
2022-04-07 00:00:00-04:00,223.25778511403635,224.843023710879,217.90390999614496,222.28073120117188,21037200
2022-04-08 00:00:00-04:00,221.7124658679248,224.4542109338001,219.3695139991644,221.66261291503903,18375700
2022-04-11 00:00:00-04:00,217.76433429694868,219.9477626815265,214.57394325662264,215.8102264404297,20516600
2022-04-12 00:00:00-04:00,219.5788874436633,221.3635075149376,212.49022968482925,213.4971923828125,20128800
2022-04-13 00:00:00-04:00,211.1841677739573,215.959782497766,210.6956331752396,214.3446502685547,19231800
2022-04-14 00:00:00-04:00,214.244924833367,214.34463073029767,209.36960464794143,209.54905700683597,18379500
2022-04-18 00:00:00-04:00,209.36960576985936,212.73946429278627,207.674712003843,210.1372985839844,16580800
2022-04-19 00:00:00-04:00,209.8880582124563,217.7743021453951,208.37261674016483,216.6576690673828,20089900
2022-04-20 00:00:00-04:00,212.96878314260368,213.51713518755892,198.3228773546302,199.81837463378903,43036500
2022-04-21 00:00:00-04:00,200.9948473538764,202.360730047914,185.02293160056843,187.5054626464844,49954100
2022-04-22 00:00:00-04:00,189.79853011985625,192.14148182264637,182.7198524881002,183.5573272705078,36426800
2022-04-25 00:00:00-04:00,182.18147368366652,186.61811255453583,181.1146935388212,186.4286956787109,29281100
2022-04-26 00:00:00-04:00,186.0697720525075,186.62808858978096,178.9611702812584,180.4068145751953,31747400
2022-04-27 00:00:00-04:00,173.90637665862135,180.66603798160108,168.49268411044136,174.42481994628906,71062900
2022-04-28 00:00:00-04:00,202.3108794186653,207.9040401088923,192.3209528740544,205.1124420166016,100890600
2022-04-29 00:00:00-04:00,203.84625328737343,211.84216768705755,199.29992883641745,199.86822509765625,49193400
2022-05-02 00:00:00-04:00,200.5661224905318,211.24397971576244,200.386670119966,210.4962310791016,49915300
2022-05-03 00:00:00-04:00,209.81826521041376,214.25490409571364,207.46534888282997,211.39352416992188,41556300
2022-05-04 00:00:00-04:00,210.0176438618949,223.62667706648435,206.33873364861157,222.7393493652344,41375900
2022-05-05 00:00:00-04:00,218.08339308611008,219.50909321864668,205.5411538274043,207.65478515625,41129200
>>>>>>> e449bea2185155843b42d9ec49e68bf9bed44428
2022-05-06 00:00:00-04:00,206.71758529252597,208.75146996422788,200.41656512319744,203.15830993652344,34747200
2022-05-09 00:00:00-04:00,199.24012600620264,201.96194217354608,194.99291895115127,195.62103271484372,36303200
2022-05-10 00:00:00-04:00,198.9111036454798,202.350759575436,193.6070811791589,197.0566864013672,34452500
2022-05-11 00:00:00-04:00,195.7406435063693,200.06761171332235,187.70484106117547,188.1734313964844,31153400
<<<<<<< HEAD
2022-05-12 00:00:00-04:00,186.4984640608574,197.4554787686838,184.22530958662887,190.6659240722656,38262200
2022-05-13 00:00:00-04:00,192.0019108935597,199.28996513871724,190.70581021990864,198.02377319335935,24549800
2022-05-16 00:00:00-04:00,196.45848423391132,204.75350075102932,195.3418359853304,199.4394989013672,27112600
=======
2022-05-12 00:00:00-04:00,186.4984789861291,197.4554945708336,184.22532432998247,190.6659393310547,38262200
2022-05-13 00:00:00-04:00,192.0018960987873,199.28994978236133,190.7057955250077,198.0237579345703,24549800
2022-05-16 00:00:00-04:00,196.45849926462787,204.753516416384,195.341850930614,199.43951416015625,27112600
>>>>>>> e449bea2185155843b42d9ec49e68bf9bed44428
2022-05-17 00:00:00-04:00,201.5132654409005,204.84325089368645,197.7645577948655,202.0117645263672,24872700
2022-05-18 00:00:00-04:00,199.3996336589002,200.39663182719468,191.05476385843036,191.66293334960935,23960000
2022-05-19 00:00:00-04:00,190.626048351342,194.70376724311896,189.03086039633845,190.7157745361328,24446900
2022-05-20 00:00:00-04:00,194.3847301551353,197.31590714467268,187.30603721832085,192.95901489257807,31465600
<<<<<<< HEAD
2022-05-23 00:00:00-04:00,194.6040740378694,196.39867377541395,190.66593433322015,195.6409454345703,25059200
=======
2022-05-23 00:00:00-04:00,194.60405885994996,196.39865845752675,190.6659194624513,195.64093017578125,25059200
>>>>>>> e449bea2185155843b42d9ec49e68bf9bed44428
2022-05-24 00:00:00-04:00,180.0080201903851,183.12861407525696,175.58134594165136,180.7358245849609,50406300
2022-05-25 00:00:00-04:00,179.85845623428006,184.89329982406835,178.78171164329683,183.27816772460935,28030200
2022-05-26 00:00:00-04:00,182.331015262254,192.2511431985576,181.71286610265952,191.05474853515625,23056500
2022-05-27 00:00:00-04:00,190.78556326862991,194.74364707221045,189.2302486158043,194.54425048828125,22562700
2022-05-31 00:00:00-04:00,194.3049788306484,197.0068506497154,191.43361914292925,193.0587310791016,26131100
<<<<<<< HEAD
2022-06-01 00:00:00-04:00,195.92011693903157,198.9310558569314,184.44467277444244,188.07374572753903,36623500
=======
2022-06-01 00:00:00-04:00,195.9201010436511,198.9310397172676,184.4446578100871,188.07373046875,36623500
>>>>>>> e449bea2185155843b42d9ec49e68bf9bed44428
2022-06-02 00:00:00-04:00,187.88429220982968,200.33680417471197,187.16645234815445,198.26304626464844,31951600
2022-06-03 00:00:00-04:00,195.39169324746624,196.01980695034663,189.2103077578454,190.20730590820312,19465000
2022-06-06 00:00:00-04:00,193.40767134069327,196.32886853859796,187.8344402717381,193.66688537597656,30574200
2022-06-07 00:00:00-04:00,191.3538487486944,195.9400463507656,190.91518233903057,195.06268310546875,18828700
<<<<<<< HEAD
2022-06-08 00:00:00-04:00,194.0856255869993,201.42353248696796,193.8264115479431,196.0497131347656,22267200
=======
2022-06-08 00:00:00-04:00,194.08564069292103,201.4235481640079,193.82642663368983,196.0497283935547,22267200
>>>>>>> e449bea2185155843b42d9ec49e68bf9bed44428
2022-06-09 00:00:00-04:00,193.69680227231456,198.8512809596242,183.12861563849424,183.4476623535156,23501600
2022-06-10 00:00:00-04:00,182.49053077509933,182.55036344172524,174.4946167366435,175.04296875,27450800
2022-06-13 00:00:00-04:00,170.07790670289126,172.06193845076828,163.5376014288833,163.76690673828125,31749300
2022-06-14 00:00:00-04:00,165.5315935487296,166.24943339873437,160.87561424102176,163.23849487304688,27244300
<<<<<<< HEAD
2022-06-15 00:00:00-04:00,166.69808911778264,171.64320667941143,163.48775382923418,168.84164428710938,30008300
2022-06-16 00:00:00-04:00,163.2285512573698,164.58446945723327,159.13088792795028,160.38710021972656,26944100
2022-06-17 00:00:00-04:00,161.19466032614568,165.40199391201028,159.420004762021,163.2484893798828,31374200
2022-06-21 00:00:00-04:00,165.43190101503615,167.25640951341182,155.50180764290775,156.5785675048828,50724900
=======
2022-06-15 00:00:00-04:00,166.69810418285138,171.64322219138714,163.48776860417408,168.84165954589844,30008300
2022-06-16 00:00:00-04:00,163.2285512573698,164.58446945723327,159.13088792795028,160.38710021972656,26944100
2022-06-17 00:00:00-04:00,161.19466032614568,165.40199391201028,159.420004762021,163.2484893798828,31374200
2022-06-21 00:00:00-04:00,165.431884893478,167.2563932140529,155.50179248905036,156.57855224609375,50724900
>>>>>>> e449bea2185155843b42d9ec49e68bf9bed44428
2022-06-22 00:00:00-04:00,157.90457579611467,160.30732983556192,154.97339872806688,155.38217163085938,47267800
2022-06-23 00:00:00-04:00,155.8009166823568,159.27046624131088,153.78697601078062,158.27346801757812,40499200
2022-06-24 00:00:00-04:00,161.2445130439705,169.7389418842452,160.81581112441052,169.6492156982422,68736000
2022-06-27 00:00:00-04:00,170.80572481145137,171.23442669979204,167.50564826325044,168.98121643066406,29174600
2022-06-28 00:00:00-04:00,169.38997077591736,170.78577724099748,160.12786513861357,160.19764709472656,27744500
2022-06-29 00:00:00-04:00,163.07900676072012,165.83071638159024,159.8387625335386,163.44789123535156,28595200
2022-06-30 00:00:00-04:00,161.66323764947668,164.73399365759894,158.01423612427138,160.7659454345703,35250600
2022-07-01 00:00:00-04:00,159.8287645769982,160.13783155701492,154.53470704707578,159.5496063232422,31423900
2022-07-05 00:00:00-04:00,157.66528527762262,167.74493708323882,156.54865222878962,167.68511962890625,28618600
2022-07-06 00:00:00-04:00,167.6950967354283,171.07492007606172,164.96333136239423,169.26039123535156,23085900
2022-07-07 00:00:00-04:00,168.941345616696,172.20153406114096,167.27636041209186,171.67312622070312,24083400
<<<<<<< HEAD
2022-07-08 00:00:00-04:00,169.4697578789946,171.8824918127932,167.6452492602036,170.3670654296875,19249200
=======
2022-07-08 00:00:00-04:00,169.46974270057217,171.88247641827618,167.6452342451918,170.36705017089844,19249200
>>>>>>> e449bea2185155843b42d9ec49e68bf9bed44428
2022-07-11 00:00:00-04:00,166.56847663813747,166.98721400645675,161.42396289081464,162.39105224609375,21885600
2022-07-12 00:00:00-04:00,164.30529791796351,165.41196647133518,161.61340595956835,162.77989196777344,16639700
2022-07-13 00:00:00-04:00,159.6792313131935,164.48475460455936,159.13087927450425,162.99923706054688,16555100
2022-07-14 00:00:00-04:00,160.7360438508959,162.10192645581108,156.807868684047,157.5755615234375,23765200
2022-07-15 00:00:00-04:00,160.05808085097323,164.48475519671405,159.34025615854156,164.20559692382812,23342800
2022-07-18 00:00:00-04:00,166.24944197248345,171.17461528118807,165.14277341440211,166.72799682617188,23574300
<<<<<<< HEAD
2022-07-19 00:00:00-04:00,169.8585709211865,175.96020997899817,169.00115189875137,175.25233459472656,25933700
=======
2022-07-19 00:00:00-04:00,169.85858571035385,175.9602252994202,169.0011666132653,175.25234985351562,25933700
>>>>>>> e449bea2185155843b42d9ec49e68bf9bed44428
2022-07-20 00:00:00-04:00,176.95719463749143,183.048853512801,176.1695576352806,182.54037475585935,24784300
2022-07-21 00:00:00-04:00,180.08777912004572,183.2981143518721,178.33305265515617,182.62014770507807,27195800
2022-07-22 00:00:00-04:00,172.5504671311069,175.072871087507,167.90445237002055,168.76187133789062,42583900
2022-07-25 00:00:00-04:00,168.4926862190377,170.05798060626358,164.3152615645,166.1497344970703,26166300
2022-07-26 00:00:00-04:00,165.4418827253973,165.50170018295208,157.47586167967577,158.67225646972656,28468400
2022-07-27 00:00:00-04:00,162.10193060688025,170.35707432899028,161.53364955443013,169.07095336914062,43846600
2022-07-28 00:00:00-04:00,160.57652455846562,161.02517069720878,154.3851743752431,160.237548828125,73214300
2022-07-29 00:00:00-04:00,157.2166501377115,159.65929270912866,154.70421038937525,158.62242126464844,42065400
2022-08-01 00:00:00-04:00,156.77795767973276,164.69412535372808,154.764017175181,159.4499053955078,40596700
2022-08-02 00:00:00-04:00,157.83477556240416,161.75298622425316,157.53567307315862,159.70913696289062,27374500
2022-08-03 00:00:00-04:00,162.20162993667026,169.03105807234246,161.08499688729557,168.2932891845703,31721900
2022-08-04 00:00:00-04:00,167.7947933163337,171.63322710330164,166.29929607681734,170.0579833984375,23938200
2022-08-05 00:00:00-04:00,166.4887330054347,171.09485976901115,165.30230272682016,166.60836791992188,25832700
2022-08-08 00:00:00-04:00,167.4956915094989,176.97713857005854,166.62830797519408,169.7389373779297,27299100
2022-08-09 00:00:00-04:00,168.4428463137777,169.0211071072359,166.09990962335368,168.02410888671875,18655100
2022-08-10 00:00:00-04:00,175.4617052608061,179.93821709976055,173.42782056925464,177.8046417236328,30262100
<<<<<<< HEAD
2022-08-11 00:00:00-04:00,179.1705515560048,182.5503748141771,175.84056603698264,176.95721435546875,24079100
2022-08-12 00:00:00-04:00,180.2672273830673,180.91528528792284,178.37293704299364,179.95816040039062,21274000
=======
2022-08-11 00:00:00-04:00,179.17053610636253,182.55035907309716,175.8405508744807,176.9571990966797,24079100
2022-08-12 00:00:00-04:00,180.2672426680624,180.91530062786725,178.3729521673704,179.9581756591797,21274000
>>>>>>> e449bea2185155843b42d9ec49e68bf9bed44428
2022-08-15 00:00:00-04:00,178.42280093743238,180.8953521635165,177.6650725845305,180.3470001220703,15878700
2022-08-16 00:00:00-04:00,178.90135042781927,180.44670060255115,176.5085457405938,178.93125915527344,21156700
2022-08-17 00:00:00-04:00,176.2293892001595,177.60525152845278,173.64716761811786,174.32513427734375,20118100
2022-08-18 00:00:00-04:00,173.81664970844696,175.2323852224012,171.34409861456805,174.1356964111328,18844500
<<<<<<< HEAD
2022-08-19 00:00:00-04:00,169.68909205655734,171.80273860356252,166.548553784746,167.45582580566406,26240800
2022-08-22 00:00:00-04:00,164.99322472736057,164.99322472736057,161.77290983915367,162.560546875,19499700
2022-08-23 00:00:00-04:00,161.99225589461912,164.55454845409218,160.21760039652634,160.62637329101562,18111800
2022-08-24 00:00:00-04:00,160.11792420906795,164.96333628758757,159.29041384027917,162.76992797851562,20891500
2022-08-25 00:00:00-04:00,164.68413160138823,168.37303657927797,163.52762541820027,168.27333068847656,15550500
2022-08-26 00:00:00-04:00,167.97425766222446,170.406935779406,161.1847021446885,161.29437255859375,24023600
=======
2022-08-19 00:00:00-04:00,169.6890765942702,171.8027229486772,166.54853860862872,167.455810546875,26240800
2022-08-22 00:00:00-04:00,164.99322472736057,164.99322472736057,161.77290983915367,162.560546875,19499700
2022-08-23 00:00:00-04:00,161.99225589461912,164.55454845409218,160.21760039652634,160.62637329101562,18111800
2022-08-24 00:00:00-04:00,160.11790919888972,164.9633208231785,159.2903989076755,162.76991271972656,20891500
2022-08-25 00:00:00-04:00,164.6841465347138,168.37305184710823,163.52764024665544,168.27334594726562,15550500
2022-08-26 00:00:00-04:00,167.9742417715041,170.4069196585492,161.18468689627448,161.2943572998047,24023600
>>>>>>> e449bea2185155843b42d9ec49e68bf9bed44428
2022-08-29 00:00:00-04:00,160.1777170817169,162.56054191262953,158.53266110243612,158.6921844482422,20052700
2022-08-30 00:00:00-04:00,159.86865894464378,161.17472408303823,155.44198473821854,156.688232421875,19567900
2022-08-31 00:00:00-04:00,166.56848969183045,167.33616732075237,161.65328085822745,162.44090270996094,40953000
2022-09-01 00:00:00-04:00,163.08896142916922,166.85761327058287,159.86866162033897,164.86361694335938,30145700
2022-09-02 00:00:00-04:00,166.94734727051647,167.4259021518199,158.74205625946306,159.83876037597656,22634200
<<<<<<< HEAD
2022-09-06 00:00:00-04:00,159.61941687493123,161.20464035158295,157.21664757732344,158.0640869140625,19339800
2022-09-07 00:00:00-04:00,157.2864137063038,160.47681977492553,156.33926856036206,159.9085235595703,16831200
2022-09-08 00:00:00-04:00,158.23358218978856,161.74300470469123,157.2664927726919,161.57351684570312,22530800
2022-09-09 00:00:00-04:00,162.75994430609447,169.03105583403743,162.5306389964167,168.64222717285156,22086800
=======
2022-09-06 00:00:00-04:00,159.61940146599767,161.20462478961912,157.21663240034232,158.06407165527344,19339800
2022-09-07 00:00:00-04:00,157.28642871488591,160.47683508794253,156.3392834785657,159.90853881835938,16831200
2022-09-08 00:00:00-04:00,158.23358218978856,161.74300470469123,157.2664927726919,161.57351684570312,22530800
2022-09-09 00:00:00-04:00,162.7599590326532,169.0310711280078,162.5306537022278,168.64224243164062,22086800
>>>>>>> e449bea2185155843b42d9ec49e68bf9bed44428
2022-09-12 00:00:00-04:00,166.8875253734603,170.87551810855751,166.77785496472575,168.45281982421875,23220400
2022-09-13 00:00:00-04:00,161.05507686741078,161.1448182641219,152.21170801272837,152.6703338623047,44444100
2022-09-14 00:00:00-04:00,152.86972165396494,153.07908273727645,148.60257097075203,151.0153045654297,43064200
2022-09-15 00:00:00-04:00,149.35032375264527,153.7371094640084,148.25361971831236,149.10107421875,34606300
2022-09-16 00:00:00-04:00,147.6055871713696,148.1339950025459,143.85686418734417,145.85086059570312,40122800
2022-09-19 00:00:00-04:00,144.80399976199868,148.13396954046826,144.6644206459246,147.57565307617188,22169500
2022-09-20 00:00:00-04:00,145.34239174217203,148.3932037027658,144.7840752020614,145.65145874023438,23217400
<<<<<<< HEAD
2022-09-21 00:00:00-04:00,145.9505453495119,149.15091581482963,141.57372447599178,141.693359375,38338600
2022-09-22 00:00:00-04:00,141.12510435830174,144.14600781796076,140.44713764221754,142.39129638671875,34418500
2022-09-23 00:00:00-04:00,140.99547275960956,142.19186746487162,138.4730687249125,139.98851013183594,31710700
2022-09-26 00:00:00-04:00,139.69939105071964,141.81303770262997,135.78119519879098,135.9606475830078,30497000
2022-09-27 00:00:00-04:00,137.50597376628207,139.0014708906133,133.71737800871298,133.9965362548828,30826500
2022-09-28 00:00:00-04:00,134.2158980958166,141.60365869956308,133.86695783988066,141.18492126464844,32658500
2022-09-29 00:00:00-04:00,138.94166024480066,139.42021508838994,134.79414436573578,136.00051879882812,38985400
2022-09-30 00:00:00-04:00,135.64162004809577,140.56679402210133,135.09326794740934,135.27272033691406,33166400
2022-10-03 00:00:00-04:00,136.7283202520759,139.20087130623855,135.69144891097022,138.19390869140625,27723100
2022-10-04 00:00:00-04:00,140.0682782868131,141.96256872335928,138.92172126428483,139.85890197753906,34670700
2022-10-05 00:00:00-04:00,137.8250210686801,139.78910851775183,134.37540099281787,138.5627899169922,27979300
2022-10-06 00:00:00-04:00,137.30657339559465,141.02537188229994,136.18994044179178,138.65252685546875,36231100
2022-10-07 00:00:00-04:00,136.34945395970087,137.87485982761137,132.04243010118398,133.0493927001953,33214800
2022-10-10 00:00:00-04:00,133.14909689584428,135.7014095517281,131.4741322073059,133.38836669921875,24024000
=======
2022-09-21 00:00:00-04:00,145.95056106675227,149.15093187671408,141.57373972189748,141.69337463378906,38338600
2022-09-22 00:00:00-04:00,141.12508923519906,144.14599237113512,140.44712259176643,142.3912811279297,34418500
2022-09-23 00:00:00-04:00,140.99548812815786,142.19188296382728,138.473083818518,139.988525390625,31710700
2022-09-26 00:00:00-04:00,139.69937537233344,141.81302178703035,135.78117996014177,135.96063232421875,30497000
2022-09-27 00:00:00-04:00,137.5059894247066,139.0014867193368,133.71739323571305,133.99655151367188,30826500
2022-09-28 00:00:00-04:00,134.2158980958166,141.60365869956308,133.86695783988066,141.18492126464844,32658500
2022-09-29 00:00:00-04:00,138.94166024480066,139.42021508838994,134.79414436573578,136.00051879882812,38985400
2022-09-30 00:00:00-04:00,135.64160474769477,140.56677816613973,135.09325270886256,135.272705078125,33166400
2022-10-03 00:00:00-04:00,136.72833534904086,139.20088667621218,135.69146389344823,138.1939239501953,27723100
2022-10-04 00:00:00-04:00,140.0682782868131,141.96256872335928,138.92172126428483,139.85890197753906,34670700
2022-10-05 00:00:00-04:00,137.82503624622467,139.78912391158534,134.37541579048397,138.56280517578125,27979300
2022-10-06 00:00:00-04:00,137.3065885062608,141.02538740222192,136.1899554295718,138.6525421142578,36231100
2022-10-07 00:00:00-04:00,136.34945395970087,137.87485982761137,132.04243010118398,133.0493927001953,33214800
2022-10-10 00:00:00-04:00,133.14911212726238,135.7014250751147,131.47414724711857,133.3883819580078,24024000
>>>>>>> e449bea2185155843b42d9ec49e68bf9bed44428
2022-10-11 00:00:00-04:00,131.22488500063315,132.26177154348358,126.60878653784206,128.1541290283203,38481400
2022-10-12 00:00:00-04:00,127.93480957704872,129.28074794825275,125.87101610969096,127.11726379394533,34605200
2022-10-13 00:00:00-04:00,123.15919257216872,130.7463498611372,122.16219432243822,129.89889526367188,34325700
2022-10-14 00:00:00-04:00,130.60675605866064,131.39437789385093,126.14020105422549,126.37948608398438,23559400
<<<<<<< HEAD
2022-10-17 00:00:00-04:00,129.9088558500308,134.3853675957272,129.78920573285424,133.6376190185547,29612200
2022-10-18 00:00:00-04:00,136.67848287467214,137.42623154265917,131.00556054613287,132.4013671875,25445000
2022-10-19 00:00:00-04:00,132.49108713713676,136.58875025325375,131.82310018408413,132.83006286621094,30691000
2022-10-20 00:00:00-04:00,132.53095364533692,136.35943801273157,130.91582154866026,131.13516235351562,26356300
2022-10-21 00:00:00-04:00,125.93083044749352,129.72939086100362,125.06344694887645,129.61972045898438,46348600
2022-10-24 00:00:00-04:00,126.86802532662536,133.0793200672634,124.19606975418996,129.3306121826172,63563400
2022-10-25 00:00:00-04:00,130.48712618113677,137.93470377507023,130.19798819074083,137.0972137451172,38433200
2022-10-26 00:00:00-04:00,131.2847151504945,135.14310851394572,128.1441769182061,129.43031311035156,82791500
2022-10-27 00:00:00-04:00,97.6858845629357,102.19231296844356,96.09068139725872,97.64600372314452,232316600
2022-10-28 00:00:00-04:00,99.2810782177958,100.54726252928566,97.21729233876636,98.90221405029295,95928300
2022-10-31 00:00:00-04:00,97.92515624213644,99.02185264923966,92.32202408778376,92.8803482055664,121361400
2022-11-01 00:00:00-04:00,94.04683917776067,97.19734943878407,93.26918182239709,94.91422271728516,110189600
2022-11-02 00:00:00-04:00,93.92720060527994,94.91422670497984,90.20840153552024,90.26821899414062,71821100
2022-11-03 00:00:00-04:00,89.80959050244208,90.18844704138316,88.14460550417245,88.64310455322266,60664000
2022-11-04 00:00:00-04:00,90.07878206045308,91.1156610576264,87.82556409339385,90.51746368408205,55638100
2022-11-07 00:00:00-05:00,94.49547824370384,96.58917272227424,92.8205211395492,96.42965698242188,81987300
2022-11-08 00:00:00-05:00,95.63206026997798,97.50642165126486,94.5054551041455,96.18041229248048,52088300
2022-11-09 00:00:00-05:00,101.41465481531291,104.58510929222808,100.4375932643046,101.1654052734375,107677300
2022-11-10 00:00:00-05:00,106.79844603908865,112.41154296265609,104.29597851826176,111.53418731689452,80671000
2022-11-11 00:00:00-05:00,108.90210888564724,114.5550864467498,108.48336389088657,112.68072509765624,59961700
2022-11-14 00:00:00-05:00,110.65682126673356,115.92097022118588,110.46739679282564,113.87712860107422,53395000
2022-11-15 00:00:00-05:00,115.7215758733668,118.3835591291756,114.06656288676932,116.72854614257812,50670500
2022-11-16 00:00:00-05:00,114.15629053094668,115.73154946601484,112.32181754820328,112.89010620117188,33287800
2022-11-17 00:00:00-05:00,110.07856899015644,111.99280360559963,109.4703995123606,111.11544036865234,35093800
2022-11-18 00:00:00-05:00,113.45839270044732,113.97682839244912,110.2879382739384,111.7136459350586,33357700
2022-11-21 00:00:00-05:00,111.18522530094349,112.0326797752208,108.86222549768276,109.53021240234376,24351100
2022-11-22 00:00:00-05:00,109.5302174752865,111.2849363508308,107.99483940999676,111.10547637939452,29029000
2022-11-23 00:00:00-05:00,111.38463285913748,112.33177804478976,110.39760683530616,111.90306854248048,21343100
2022-11-25 00:00:00-05:00,110.9658987462228,112.39160642565038,110.68673287072238,111.07556915283205,12007600
2022-11-28 00:00:00-05:00,110.44745705133693,111.70367688668064,108.05465990046538,108.45346069335938,23309400
2022-11-29 00:00:00-05:00,109.21117799816491,110.60697692606864,108.21417985058974,109.13141632080078,23899200
2022-11-30 00:00:00-05:00,109.18126561893952,117.8053008283112,109.05165099593502,117.74547576904295,43348600
2022-12-01 00:00:00-05:00,118.84216994878976,120.83616613992038,118.04457603623256,120.07845306396484,36551400
=======
2022-10-17 00:00:00-04:00,129.9088706830684,134.3853829398944,129.78922055223018,133.63763427734375,29612200
2022-10-18 00:00:00-04:00,136.67846712296063,137.42621570477226,131.00554544820557,132.40135192871094,25445000
2022-10-19 00:00:00-04:00,132.49110235698615,136.58876594382022,131.82311532719885,132.830078125,30691000
2022-10-20 00:00:00-04:00,132.53096906653923,136.35945387941342,130.915836781927,131.1351776123047,26356300
2022-10-21 00:00:00-04:00,125.93084527202772,129.72940613270308,125.06346167130256,129.61973571777344,46348600
2022-10-24 00:00:00-04:00,126.86802532662536,133.0793200672634,124.19606975418996,129.3306121826172,63563400
2022-10-25 00:00:00-04:00,130.48712618113677,137.93470377507023,130.19798819074083,137.0972137451172,38433200
2022-10-26 00:00:00-04:00,131.2846996730864,135.1430925816642,128.14416181104212,129.4302978515625,82791500
2022-10-27 00:00:00-04:00,97.68587693042517,102.19230498383136,96.09067388938652,97.64599609375,232316600
2022-10-28 00:00:00-04:00,99.2810782177958,100.54726252928566,97.21729233876636,98.90221405029295,95928300
2022-10-31 00:00:00-04:00,97.92515624213644,99.02185264923966,92.32202408778376,92.8803482055664,121361400
2022-11-01 00:00:00-04:00,94.04683161808818,97.19734162586728,93.2691743252342,94.91421508789062,110189600
2022-11-02 00:00:00-04:00,93.92719266663131,94.91421868290864,90.20839391118145,90.2682113647461,71821100
2022-11-03 00:00:00-04:00,89.80959050244208,90.18844704138316,88.14460550417245,88.64310455322266,60664000
2022-11-04 00:00:00-04:00,90.0787896528727,91.11566873744088,87.82557149589776,90.51747131347656,55638100
2022-11-07 00:00:00-05:00,94.49549319643327,96.58918800630464,92.82053582723756,96.42967224121094,81987300
2022-11-08 00:00:00-05:00,95.63206026997798,97.50642165126486,94.5054551041455,96.18041229248048,52088300
2022-11-09 00:00:00-05:00,101.41465481531291,104.58510929222808,100.4375932643046,101.1654052734375,107677300
2022-11-10 00:00:00-05:00,106.79844603908865,112.41154296265609,104.29597851826176,111.53418731689452,80671000
2022-11-11 00:00:00-05:00,108.90211625919896,114.55509420305371,108.48337123608586,112.68073272705078,59961700
2022-11-14 00:00:00-05:00,110.65682868037806,115.9209779875111,110.4674041937793,113.87713623046876,53395000
2022-11-15 00:00:00-05:00,115.7215834369456,118.38356686674202,114.06657034217623,116.72855377197266,50670500
2022-11-16 00:00:00-05:00,114.15628281598026,115.73154164458852,112.32180995721512,112.89009857177734,33287800
2022-11-17 00:00:00-05:00,110.07856899015644,111.99280360559963,109.4703995123606,111.11544036865234,35093800
2022-11-18 00:00:00-05:00,113.45839270044732,113.97682839244912,110.2879382739384,111.7136459350586,33357700
2022-11-21 00:00:00-05:00,111.18523304561894,112.03268757892626,108.86223308054826,109.53022003173828,24351100
2022-11-22 00:00:00-05:00,109.5302249965111,111.28494399254848,107.99484682578998,111.10548400878906,29029000
2022-11-23 00:00:00-05:00,111.38464045318578,112.3317857034131,110.39761436206042,111.903076171875,21343100
2022-11-25 00:00:00-05:00,110.9658987462228,112.39160642565038,110.68673287072238,111.07556915283205,12007600
2022-11-28 00:00:00-05:00,110.44744928167036,111.7036690286426,108.05465229912537,108.45345306396484,23309400
2022-11-29 00:00:00-05:00,109.21117799816491,110.60697692606864,108.21417985058974,109.13141632080078,23899200
2022-11-30 00:00:00-05:00,109.18126561893952,117.8053008283112,109.05165099593502,117.74547576904295,43348600
2022-12-01 00:00:00-05:00,118.84217749963486,120.83617381745754,118.04458353640116,120.07846069335938,36551400
>>>>>>> e449bea2185155843b42d9ec49e68bf9bed44428
2022-12-02 00:00:00-05:00,117.47629520318304,123.6676528737448,117.25695439059918,123.11930084228516,39950500
2022-12-05 00:00:00-05:00,121.38452568977225,124.2957584844534,120.98572490542728,122.06248474121094,35474900
2022-12-06 00:00:00-05:00,119.55005569104677,120.18813391920116,113.39857112530412,113.77743530273438,43689200
2022-12-07 00:00:00-05:00,113.41850957971091,115.53214075053076,112.54114635575512,113.58799743652344,29461100
2022-12-08 00:00:00-05:00,116.04061074061664,116.98775591334484,114.24601107950924,114.98379516601562,30619400
2022-12-09 00:00:00-05:00,114.95388851412996,117.18716221654316,113.52818087054423,115.55208587646484,26033400
<<<<<<< HEAD
2022-12-12 00:00:00-05:00,114.8342519880839,115.3726319242114,112.80037476487765,114.36566162109376,24747100
2022-12-13 00:00:00-05:00,121.76338161086971,122.92987523007922,118.28386018890886,119.7893295288086,44701100
2022-12-14 00:00:00-05:00,119.03160563979117,123.76734673770116,119.03160563979117,121.2249984741211,36922000
2022-12-15 00:00:00-05:00,117.97479449618976,118.27388938130296,113.6677627347254,115.80133819580078,34531000
2022-12-16 00:00:00-05:00,119.86909665691329,122.9398453249099,118.46332554703297,119.07149505615234,67064000
2022-12-19 00:00:00-05:00,116.4792889043777,117.44637827057718,113.98679367458185,114.13634490966795,29769900
2022-12-20 00:00:00-05:00,112.92002036504232,116.97780281036202,112.12241874758932,116.73851776123048,28742500
2022-12-21 00:00:00-05:00,116.34968543972496,119.978758233739,115.27293317814934,119.40050506591795,20392800
2022-12-22 00:00:00-05:00,116.84817905812224,118.26392219897966,114.03664460535096,116.76842498779295,23618100
2022-12-23 00:00:00-05:00,115.6816929254232,117.82524044694824,115.19316596681726,117.68566131591795,17796600
2022-12-27 00:00:00-05:00,117.57599541643393,118.24398237002572,115.70164158043994,116.52914428710938,21392300
2022-12-28 00:00:00-05:00,115.90103241304836,117.79533037808692,115.16325592793578,115.2729263305664,19612500
2022-12-29 00:00:00-05:00,116.0505885297962,120.66668731937426,115.42247481443012,119.89900207519533,22366200
2022-12-30 00:00:00-05:00,117.80530350015133,120.0585138127358,117.38655850174445,119.97875213623048,19583800
2023-01-03 00:00:00-05:00,122.45131255651803,125.99065903386304,121.912932642397,124.36554718017578,35528500
=======
2022-12-12 00:00:00-05:00,114.83424432742946,115.37262422764132,112.80036723990423,114.36565399169922,24747100
2022-12-13 00:00:00-05:00,121.76338936599184,122.92988305949542,118.2838677224199,119.78933715820312,44701100
2022-12-14 00:00:00-05:00,119.03160563979117,123.76734673770116,119.03160563979117,121.2249984741211,36922000
2022-12-15 00:00:00-05:00,117.97480226877911,118.27389717359776,113.66777022355257,115.80134582519533,34531000
2022-12-16 00:00:00-05:00,119.86908897641317,122.93983744765444,118.46331795660632,119.0714874267578,67064000
2022-12-19 00:00:00-05:00,116.47929669038533,117.44638612122948,113.98680129397972,114.1363525390625,29769900
2022-12-20 00:00:00-05:00,112.92000560536572,116.97778752029622,112.1224040921665,116.7385025024414,28742500
2022-12-21 00:00:00-05:00,116.34967800527018,119.97875056739552,115.27292581249635,119.40049743652344,20392800
2022-12-22 00:00:00-05:00,116.84817905812224,118.26392219897966,114.03664460535096,116.76842498779295,23618100
2022-12-23 00:00:00-05:00,115.68170042490333,117.8252480853915,115.19317343462686,117.6856689453125,17796600
2022-12-27 00:00:00-05:00,117.57599541643393,118.24398237002572,115.70164158043994,116.52914428710938,21392300
2022-12-28 00:00:00-05:00,115.90103241304836,117.79533037808692,115.16325592793578,115.2729263305664,19612500
2022-12-29 00:00:00-05:00,116.0505885297962,120.66668731937426,115.42247481443012,119.89900207519533,22366200
2022-12-30 00:00:00-05:00,117.80531099133724,120.05852144720234,117.38656596630256,119.978759765625,19583800
2023-01-03 00:00:00-05:00,122.45132006848092,125.99066676295254,121.91294012133216,124.36555480957033,35528500
>>>>>>> e449bea2185155843b42d9ec49e68bf9bed44428
2023-01-04 00:00:00-05:00,126.99762014435916,128.66261281659558,125.47221420948608,126.98765563964844,32397100
2023-01-05 00:00:00-05:00,125.75137862740485,128.13421129305513,124.16615516069416,126.55895233154295,25447100
2023-01-06 00:00:00-05:00,128.5828486393632,129.9387666898796,125.66164384609512,129.62969970703125,27584500
2023-01-09 00:00:00-05:00,130.76628927744812,132.5509093851308,128.8919277687202,129.08135986328125,26649100
2023-01-10 00:00:00-05:00,126.8879369358519,133.03942061058834,126.76830203945916,132.5907745361328,28684400
2023-01-11 00:00:00-05:00,130.5668896626244,133.44821382334868,129.9487404399637,132.4910888671875,25423000
2023-01-12 00:00:00-05:00,133.03941853066462,137.26668040893563,131.3644539424387,136.2996063232422,30757700
2023-01-13 00:00:00-05:00,134.56485611651055,136.97759007562084,134.43524147479843,136.56881713867188,22423800
2023-01-17 00:00:00-05:00,135.77120491363627,136.33950117873468,133.84700572756952,134.95367431640625,21147600
<<<<<<< HEAD
2023-01-18 00:00:00-05:00,135.40229956329614,136.83797915572853,132.40134097979688,132.6206817626953,20215500
2023-01-19 00:00:00-05:00,132.0922856935048,137.03738782315432,131.74333026816564,135.7412872314453,28625200
2023-01-20 00:00:00-05:00,135.48208027784582,139.51992589598018,134.2059238413814,138.95162963867188,28688600
2023-01-23 00:00:00-05:00,138.87187154313443,143.3284546807613,138.24377302667338,142.83993530273438,27470100
2023-01-24 00:00:00-05:00,141.2646676420235,144.5647290221764,140.93565643317356,142.71031188964844,21970200
2023-01-25 00:00:00-05:00,140.79608281823897,142.7402262076087,139.8888108322048,141.0752410888672,26622000
2023-01-26 00:00:00-05:00,143.96651507568043,147.06717967873104,142.86982632759114,146.85781860351562,25482100
2023-01-27 00:00:00-05:00,147.79502161082743,152.73015975727552,146.94756703862546,151.28451538085938,35771900
2023-01-30 00:00:00-05:00,148.96149727035666,150.66635558790287,146.50887512718677,146.61854553222656,28040100
2023-01-31 00:00:00-05:00,147.50586954257204,149.43008383446184,147.07716765107935,148.52281188964844,29842100
2023-02-01 00:00:00-05:00,147.58563759031222,153.11898046524584,146.61854815032453,152.6603546142578,55661000
2023-02-02 00:00:00-05:00,182.8295193861523,196.56815220803824,179.61918423548968,188.20333862304688,150475700
2023-02-03 00:00:00-05:00,182.9192503746682,196.17932870911915,182.34098962660812,185.97006225585935,76809700
=======
2023-01-18 00:00:00-05:00,135.4023151421267,136.83799489974248,132.40135621334952,132.62069702148438,20215500
2023-01-19 00:00:00-05:00,132.0922856935048,137.03738782315432,131.74333026816564,135.7412872314453,28625200
2023-01-20 00:00:00-05:00,135.48206540006072,139.5199105747844,134.2059091037357,138.9516143798828,28688600
2023-01-23 00:00:00-05:00,138.87187154313443,143.3284546807613,138.24377302667338,142.83993530273438,27470100
2023-01-24 00:00:00-05:00,141.2646676420235,144.5647290221764,140.93565643317356,142.71031188964844,21970200
2023-01-25 00:00:00-05:00,140.79608281823897,142.7402262076087,139.8888108322048,141.0752410888672,26622000
2023-01-26 00:00:00-05:00,143.9665300340579,147.0671949592731,142.8698411720207,146.8578338623047,25482100
2023-01-27 00:00:00-05:00,147.7950067039941,152.73014435267652,146.94755221726768,151.2845001220703,35771900
2023-01-30 00:00:00-05:00,148.96151277297986,150.66637126795294,146.50889037456227,146.61856079101562,28040100
2023-01-31 00:00:00-05:00,147.50586954257204,149.43008383446184,147.07716765107935,148.52281188964844,29842100
2023-02-01 00:00:00-05:00,147.58563759031222,153.11898046524584,146.61854815032453,152.6603546142578,55661000
2023-02-02 00:00:00-05:00,182.8295193861523,196.56815220803824,179.61918423548968,188.20333862304688,150475700
2023-02-03 00:00:00-05:00,182.91926538313905,196.17934480557557,182.34100458763288,185.97007751464844,76809700
>>>>>>> e449bea2185155843b42d9ec49e68bf9bed44428
2023-02-06 00:00:00-05:00,185.9700551697889,190.1275354389774,184.9630925611648,185.50146484375,42483800
2023-02-07 00:00:00-05:00,185.02292229033253,193.19830424510135,183.84645653849608,191.04478454589844,47080700
2023-02-08 00:00:00-05:00,189.4296491850943,190.2571594781452,182.37090043200735,182.87936401367188,36139100
2023-02-09 00:00:00-05:00,185.5712875489752,186.0897156811786,176.73788252122154,177.38592529296875,37118800
2023-02-10 00:00:00-05:00,175.82063595996766,178.35300465543443,172.82964140581782,173.62722778320312,33433600
<<<<<<< HEAD
2023-02-13 00:00:00-05:00,177.68502858132214,180.45668248757303,175.29223887662604,178.89138793945312,31463200
2023-02-14 00:00:00-05:00,176.6281953544938,180.96512816568315,175.35203894351088,178.94122314453125,24034600
2023-02-15 00:00:00-05:00,175.8904050077196,177.65509592473464,174.8036807172856,176.62818908691406,25308900
2023-02-16 00:00:00-05:00,172.23143027342292,175.32213062112095,171.2743053564826,171.92236328125,25827500
2023-02-17 00:00:00-05:00,169.7090346070248,172.66014075603152,169.1905912840427,172.36105346679688,24171300
2023-02-21 00:00:00-05:00,173.78674769305684,177.63516121816588,171.3640494545349,171.56344604492188,34592600
2023-02-22 00:00:00-05:00,170.55648550370725,172.2413996445433,169.18062315079126,170.6063232421875,22433200
2023-02-23 00:00:00-05:00,171.48368633697072,173.16861568912668,168.8715559830162,171.5235595703125,20017800
2023-02-24 00:00:00-05:00,168.13377790879983,170.207536015881,167.15672392041054,169.87852478027344,19791300
2023-02-27 00:00:00-05:00,171.36405422728876,172.60032224991085,168.55251202167707,169.03106689453125,19277000
=======
2023-02-13 00:00:00-05:00,177.68501342543115,180.45666709527,175.29222392483138,178.89137268066406,31463200
2023-02-14 00:00:00-05:00,176.6281953544938,180.96512816568315,175.35203894351088,178.94122314453125,24034600
2023-02-15 00:00:00-05:00,175.8904050077196,177.65509592473464,174.8036807172856,176.62818908691406,25308900
2023-02-16 00:00:00-05:00,172.23143027342292,175.32213062112095,171.2743053564826,171.92236328125,25827500
2023-02-17 00:00:00-05:00,169.7090195830138,172.66012547076485,169.1905763059285,172.3610382080078,24171300
2023-02-21 00:00:00-05:00,173.78673223652817,177.63514541936073,171.3640342134801,171.5634307861328,34592600
2023-02-22 00:00:00-05:00,170.55648550370725,172.2413996445433,169.18062315079126,170.6063232421875,22433200
2023-02-23 00:00:00-05:00,171.48368633697072,173.16861568912668,168.8715559830162,171.5235595703125,20017800
2023-02-24 00:00:00-05:00,168.13377790879983,170.207536015881,167.15672392041054,169.87852478027344,19791300
2023-02-27 00:00:00-05:00,171.36403875789603,172.60030666891765,168.55249680608816,169.0310516357422,19277000
>>>>>>> e449bea2185155843b42d9ec49e68bf9bed44428
2023-02-28 00:00:00-05:00,171.38397311107792,177.01702169470866,171.35406438410334,174.41485595703125,46051100
2023-03-01 00:00:00-05:00,174.06590005027962,177.3161236938382,172.53052962216353,172.8994140625,30998400
2023-03-02 00:00:00-05:00,171.86254829052675,174.48464311567534,170.91538786482369,174.00608825683594,17352000
2023-03-03 00:00:00-05:00,178.3829085283766,186.05979129913365,176.51852684185997,184.69390869140625,45877700
<<<<<<< HEAD
2023-03-06 00:00:00-05:00,187.4356713694108,189.09069211878924,184.08575663428908,184.344970703125,33209400
2023-03-07 00:00:00-05:00,188.43265834147024,189.7885764914944,183.45763188530384,183.9561309814453,36701500
2023-03-08 00:00:00-05:00,182.32104694391796,184.70387191548744,180.79564099043952,184.4147491455078,19432400
2023-03-09 00:00:00-05:00,185.7906228622531,188.3628648613825,179.7587806380021,181.1446075439453,26582800
2023-03-10 00:00:00-05:00,180.46664296518355,184.21536602198157,178.26328541044575,178.9711456298828,25665000
2023-03-13 00:00:00-04:00,177.42580225022562,183.22832372888064,174.29522858336037,180.35696411132807,24728000
2023-03-14 00:00:00-04:00,187.0169060735523,193.7366787675816,185.9999637483824,193.4375762939453,41642600
2023-03-15 00:00:00-04:00,192.37079308964147,197.1862960570432,190.26712635083436,197.1563873291016,42123600
2023-03-16 00:00:00-04:00,197.66484363904112,205.1423296088175,195.50135952401055,204.3148193359375,50447100
2023-03-17 00:00:00-04:00,199.95794976950737,201.29392366103565,194.8433443089889,195.02281188964844,50141100
2023-03-20 00:00:00-04:00,197.88418871772663,198.76155195861483,193.0587213188105,197.21620178222656,25186300
2023-03-21 00:00:00-04:00,202.59003306493844,202.9389885233493,197.3557924666877,201.55316162109372,31827000
2023-03-22 00:00:00-04:00,201.8921171678905,206.74749309285977,199.07061069252933,199.21018981933597,28477800
2023-03-23 00:00:00-04:00,202.2311139618197,207.2559934767985,201.5431827604726,203.6667938232422,27389700
2023-03-24 00:00:00-04:00,204.56407600197335,206.956880723536,202.93897933936628,205.3915863037109,27716400
2023-03-27 00:00:00-04:00,204.19519727446777,205.24204841869056,200.75555655458012,202.23110961914065,18527200
2023-03-28 00:00:00-04:00,199.549183114825,200.4265463966501,197.30593717078284,200.0775909423828,19127300
2023-03-29 00:00:00-04:00,202.94894628851625,205.10246599996276,201.9320038892801,204.73358154296875,18851100
2023-03-30 00:00:00-04:00,202.76949167389816,207.465344511963,202.2111751355536,207.21609497070312,22608300
2023-03-31 00:00:00-04:00,206.61789903809037,211.5330925429308,206.1493086974564,211.3037872314453,25440300
2023-04-03 00:00:00-04:00,208.21309150465697,212.8491420635641,207.5750132925496,212.43040466308597,17924600
=======
2023-03-06 00:00:00-05:00,187.43565585479507,189.09067646718248,184.08574139695597,184.34495544433597,33209400
2023-03-07 00:00:00-05:00,188.43265834147024,189.7885764914944,183.45763188530384,183.9561309814453,36701500
2023-03-08 00:00:00-05:00,182.32104694391796,184.70387191548744,180.79564099043952,184.4147491455078,19432400
2023-03-09 00:00:00-05:00,185.79060721210507,188.3628489945606,179.75876549594872,181.14459228515625,26582800
2023-03-10 00:00:00-05:00,180.46662757889084,184.2153503160788,178.26327021200768,178.97113037109375,25665000
2023-03-13 00:00:00-04:00,177.42580225022562,183.22832372888064,174.29522858336037,180.35696411132807,24728000
2023-03-14 00:00:00-04:00,187.0169060735523,193.7366787675816,185.9999637483824,193.4375762939453,41642600
2023-03-15 00:00:00-04:00,192.37079308964147,197.1862960570432,190.26712635083436,197.1563873291016,42123600
2023-03-16 00:00:00-04:00,197.66485840119185,205.1423449294073,195.5013741245864,204.31483459472656,50447100
2023-03-17 00:00:00-04:00,199.95794976950737,201.29392366103565,194.8433443089889,195.02281188964844,50141100
2023-03-20 00:00:00-04:00,197.88420402819844,198.761567336969,193.05873625593168,197.2162170410156,25186300
2023-03-21 00:00:00-04:00,202.59001772765197,202.9389731596448,197.3557775256647,201.5531463623047,31827000
2023-03-22 00:00:00-04:00,201.89213263210564,206.74750892897936,199.07062594062717,199.210205078125,28477800
2023-03-23 00:00:00-04:00,202.23109881059224,207.25597794910527,201.54316766078523,203.66677856445312,27389700
2023-03-24 00:00:00-04:00,204.56407600197335,206.956880723536,202.93897933936628,205.3915863037109,27716400
2023-03-27 00:00:00-04:00,204.19519727446777,205.24204841869056,200.75555655458012,202.23110961914065,18527200
2023-03-28 00:00:00-04:00,199.549183114825,200.4265463966501,197.30593717078284,200.0775909423828,19127300
2023-03-29 00:00:00-04:00,202.948931162736,205.10245071368072,201.9319888392926,204.7335662841797,18851100
2023-03-30 00:00:00-04:00,202.76949167389816,207.465344511963,202.2111751355536,207.21609497070312,22608300
2023-03-31 00:00:00-04:00,206.61789903809037,211.5330925429308,206.1493086974564,211.3037872314453,25440300
2023-04-03 00:00:00-04:00,208.21310646051816,212.8491573524309,207.5750282025779,212.430419921875,17924600
>>>>>>> e449bea2185155843b42d9ec49e68bf9bed44428
2023-04-04 00:00:00-04:00,212.7494301161381,215.5908808686792,211.90197562138468,214.075439453125,21026400
2023-04-05 00:00:00-04:00,213.5071523599594,214.5440389776804,209.3097985768536,210.8451690673828,19396600
2023-04-06 00:00:00-04:00,208.62188047446995,216.28879932837407,208.02367544884703,215.45132446289065,26104400
2023-04-10 00:00:00-04:00,214.06547344852416,215.0126186217397,210.027628012201,214.1053466796875,16106100
2023-04-11 00:00:00-04:00,214.83316555123795,215.37155309268277,212.7693872103264,213.20806884765625,16710100
2023-04-12 00:00:00-04:00,214.1950797788085,216.1890760870372,211.9418694271845,213.35760498046875,18972200
<<<<<<< HEAD
2023-04-13 00:00:00-04:00,215.08241096596927,220.48613922210012,215.04253773288045,219.6885528564453,23310400
2023-04-14 00:00:00-04:00,217.2259702078536,221.44326828614197,216.89695898004595,220.82513427734372,21591200
2023-04-17 00:00:00-04:00,219.13021917624377,220.31664942225652,216.47821562908035,218.20301818847656,15481900
2023-04-18 00:00:00-04:00,219.24985656616528,219.7782643439198,215.56096662624336,217.2359161376953,12281000
2023-04-19 00:00:00-04:00,212.8292037999267,216.6776174031055,212.2908162606768,215.0525054931641,15898100
2023-04-20 00:00:00-04:00,212.83916234568167,216.09935057945725,212.13130217332025,212.43040466308597,16475400
2023-04-21 00:00:00-04:00,209.57898310627272,212.76937407214453,208.95086941770052,212.2509307861328,17717200
2023-04-24 00:00:00-04:00,213.0385422816632,213.27782729736816,210.0774719820998,212.15121459960935,15750900
2023-04-25 00:00:00-04:00,210.18715968287205,210.62582609496903,206.5082340333284,206.92697143554688,19198200
2023-04-26 00:00:00-04:00,211.86212393897125,213.46729169827532,208.2529952134369,208.77142333984372,41992700
2023-04-27 00:00:00-04:00,239.1698814121803,240.96448109339173,236.05925210673655,237.8438720703125,71196500
2023-04-28 00:00:00-04:00,238.29252194177883,239.70825748676677,235.04231345508703,239.59860229492188,39554000
2023-05-01 00:00:00-04:00,237.90368792832604,243.2675427136927,235.75018353830225,242.4499969482422,29143900
2023-05-02 00:00:00-04:00,242.4499951348113,244.184777337534,238.27258579754377,238.52183532714844,24350100
2023-05-03 00:00:00-04:00,238.75114406448856,241.02429859009897,232.05131539543137,236.31846618652344,34463900
2023-05-04 00:00:00-04:00,235.35136872086565,237.4849440433451,232.23075980410047,232.81900024414065,17889400
=======
2023-04-13 00:00:00-04:00,215.0823960271065,220.4861239079136,215.04252279678715,219.68853759765625,23310400
2023-04-14 00:00:00-04:00,217.22595519776303,221.44325298464048,216.89694399268976,220.8251190185547,21591200
2023-04-17 00:00:00-04:00,219.13020385261612,220.3166340156627,216.47820049090555,218.2030029296875,15481900
2023-04-18 00:00:00-04:00,219.2498719664148,219.77827978128505,215.56098176738288,217.2359313964844,12281000
2023-04-19 00:00:00-04:00,212.8292037999267,216.6776174031055,212.2908162606768,215.0525054931641,15898100
2023-04-20 00:00:00-04:00,212.83917763383167,216.0993661017852,212.1313174106249,212.430419921875,16475400
2023-04-21 00:00:00-04:00,209.57898310627272,212.76937407214453,208.95086941770052,212.2509307861328,17717200
2023-04-24 00:00:00-04:00,213.03855760427248,213.27784263718783,210.07748709173677,212.15122985839844,15750900
2023-04-25 00:00:00-04:00,210.1871441836768,210.6258105634265,206.50821880541704,206.9269561767578,19198200
2023-04-26 00:00:00-04:00,211.86210845428752,213.46727609627237,208.25297999253897,208.7714080810547,41992700
2023-04-27 00:00:00-04:00,239.169896756039,240.9644965523824,236.059267251034,237.8438873291016,71196500
2023-04-28 00:00:00-04:00,238.29252194177883,239.70825748676677,235.04231345508703,239.59860229492188,39554000
2023-05-01 00:00:00-04:00,237.90368792832604,243.2675427136927,235.75018353830225,242.4499969482422,29143900
2023-05-02 00:00:00-04:00,242.4499951348113,244.184777337534,238.27258579754377,238.52183532714844,24350100
2023-05-03 00:00:00-04:00,238.7511594803526,241.02431415273776,232.05133037869584,236.3184814453125,34463900
2023-05-04 00:00:00-04:00,235.35138414562428,237.48495960793676,232.23077502433665,232.8190155029297,17889400
>>>>>>> e449bea2185155843b42d9ec49e68bf9bed44428
2023-05-05 00:00:00-04:00,231.5428502398969,233.97551288823047,229.160025327472,232.0812225341797,26978900
2023-05-08 00:00:00-04:00,230.7253256549205,234.91271512558075,229.57878379005612,232.5697784423828,16400500
2023-05-09 00:00:00-04:00,230.76519398510365,235.1719238964675,230.3863298273491,232.66944885253903,16865600
<<<<<<< HEAD
2023-05-10 00:00:00-04:00,235.4610458793683,236.0393066187125,230.02740912863044,232.3803253173828,19119000
2023-05-11 00:00:00-04:00,232.35043376252213,237.4949481302866,231.60268511184657,235.0821990966797,20449000
2023-05-12 00:00:00-04:00,236.02935157872312,236.24869239254508,230.7552227549833,233.10813903808597,16155300
2023-05-15 00:00:00-04:00,236.2088111746796,239.5387815038974,234.6235876914453,238.1429901123047,20653200
2023-05-16 00:00:00-04:00,235.08218527069013,238.92063420359983,234.8130067256276,238.1031036376953,18163800
2023-05-17 00:00:00-04:00,237.73420394747507,243.1080233250177,237.4251369574933,241.7620849609375,21193100
2023-05-18 00:00:00-04:00,240.5756658031539,246.34827861786823,240.46599539395623,246.1090087890625,22943300
2023-05-19 00:00:00-04:00,246.7271421719356,247.94348117523123,242.6793319730602,244.9026336669922,21599800
2023-05-22 00:00:00-04:00,244.6733167278833,252.80882518608328,244.38417874855645,247.5745849609375,27738500
2023-05-23 00:00:00-04:00,246.06911057291745,250.85470472784195,245.9095872180569,245.99932861328125,17748100
2023-05-24 00:00:00-04:00,244.543718465525,248.8407782942973,244.2147072323704,248.46192932128903,17724300
2023-05-25 00:00:00-04:00,252.6393329675232,254.8526701462709,248.4220349217407,251.9314727783203,22371400
2023-05-26 00:00:00-04:00,252.17071904964453,261.5225659815347,251.9513934662693,261.2533874511719,25727200
2023-05-30 00:00:00-04:00,264.4537802297188,267.8435681229639,260.5056757623379,261.7319641113281,23816500
2023-05-31 00:00:00-04:00,259.21952147395564,264.2045122715317,257.67418649709475,263.92535400390625,25473700
2023-06-01 00:00:00-04:00,265.1018072933298,273.177498554778,265.09185800128995,271.7916564941406,25609500
2023-06-02 00:00:00-04:00,271.84152465821774,274.5234521693477,270.30613895728806,271.7916564941406,19405300
2023-06-05 00:00:00-04:00,269.4885931204799,274.74279294782804,268.7508242111548,270.5753479003906,20742900
2023-06-06 00:00:00-04:00,269.3290831542041,275.739773678191,268.8804218357924,270.3061218261719,19419000
2023-06-07 00:00:00-04:00,270.85452956515905,273.4267716779284,262.01112947759503,262.8087463378906,26163600
=======
2023-05-10 00:00:00-04:00,235.46106134044672,236.0393221177612,230.02742423292,232.38034057617188,19119000
2023-05-11 00:00:00-04:00,232.35043376252213,237.4949481302866,231.60268511184657,235.0821990966797,20449000
2023-05-12 00:00:00-04:00,236.02933612871732,236.2486769281817,230.7552076502114,233.10812377929688,16155300
2023-05-15 00:00:00-04:00,236.20879603982124,239.53876615567432,234.62357265815865,238.1429748535156,20653200
2023-05-16 00:00:00-04:00,235.08220033588424,238.9206495147802,234.81302177357148,238.1031188964844,18163800
2023-05-17 00:00:00-04:00,237.73420394747507,243.1080233250177,237.4251369574933,241.7620849609375,21193100
2023-05-18 00:00:00-04:00,240.5756658031539,246.34827861786823,240.46599539395623,246.1090087890625,22943300
2023-05-19 00:00:00-04:00,246.7271267994696,247.9434657269805,242.67931685279515,244.90261840820312,21599800
2023-05-22 00:00:00-04:00,244.6733167278833,252.80882518608328,244.38417874855645,247.5745849609375,27738500
2023-05-23 00:00:00-04:00,246.0691258360349,250.85472028779915,245.9096024712796,245.9993438720703,17748100
2023-05-24 00:00:00-04:00,244.54370344736492,248.84076301224204,244.21469223441588,248.4619140625,17724300
2023-05-25 00:00:00-04:00,252.63931766586103,254.85265471055305,248.4220198755085,251.93145751953125,22371400
2023-05-26 00:00:00-04:00,252.17071904964453,261.5225659815347,251.9513934662693,261.2533874511719,25727200
2023-05-30 00:00:00-04:00,264.4537802297188,267.8435681229639,260.5056757623379,261.7319641113281,23816500
2023-05-31 00:00:00-04:00,259.21952147395564,264.2045122715317,257.67418649709475,263.92535400390625,25473700
2023-06-01 00:00:00-04:00,265.10183705975163,273.1775292279626,265.0918877665947,271.79168701171875,25609500
2023-06-02 00:00:00-04:00,271.8415551813952,274.52348299366,270.3061693080678,271.79168701171875,19405300
2023-06-05 00:00:00-04:00,269.4885931204799,274.74279294782804,268.7508242111548,270.5753479003906,20742900
2023-06-06 00:00:00-04:00,269.3290831542041,275.739773678191,268.8804218357924,270.3061218261719,19419000
2023-06-07 00:00:00-04:00,270.85449811329767,273.42673992737605,262.0110990526369,262.8087158203125,26163600
>>>>>>> e449bea2185155843b42d9ec49e68bf9bed44428
2023-06-08 00:00:00-04:00,259.8376623052154,266.8465583340856,258.1028951982994,263.7857666015625,20899400
2023-06-09 00:00:00-04:00,261.6921067546979,267.14568829798395,260.91444935117494,264.1546936035156,16938500
2023-06-12 00:00:00-04:00,266.3680009790828,270.9342389790499,264.5334976643176,270.236328125,15442500
2023-06-13 00:00:00-04:00,274.05486529511785,274.8923401173667,268.28223729872127,270.50555419921875,16164000
<<<<<<< HEAD
2023-06-14 00:00:00-04:00,271.0738406881014,274.16451060183834,267.514550002447,272.5294494628906,19175100
=======
2023-06-14 00:00:00-04:00,271.0738710426819,274.164541302509,267.51457995846164,272.52947998046875,19175100
>>>>>>> e449bea2185155843b42d9ec49e68bf9bed44428
2023-06-15 00:00:00-04:00,271.4825870160773,283.1374979499337,270.6052541923854,280.9839782714844,25973500
2023-06-16 00:00:00-04:00,283.89523738983263,286.9859378943717,279.2891105749641,280.156494140625,43102500
2023-06-20 00:00:00-04:00,277.8933056412421,283.945061295375,275.39083054538474,283.4764709472656,20701600
2023-06-21 00:00:00-04:00,282.67889694826584,283.1474873168501,277.5244028938385,280.7945861816406,20556200
2023-06-22 00:00:00-04:00,278.2422337123966,284.40370547837534,276.95612798988867,284.0248413085937,17563100
<<<<<<< HEAD
2023-06-23 00:00:00-04:00,280.6649535288161,288.8004619269994,278.11264074812743,287.86328125,50988400
2023-06-26 00:00:00-04:00,287.8333969343941,288.9201213379807,276.76671065910483,277.63409423828125,24232700
2023-06-27 00:00:00-04:00,281.16347490353166,288.48143811290737,279.80754151659505,286.1883239746094,26108300
=======
2023-06-23 00:00:00-04:00,280.6649832832697,288.800492543932,278.11267023199986,287.8633117675781,50988400
2023-06-26 00:00:00-04:00,287.8333652957072,288.92008957984086,276.7666802368696,277.6340637207031,24232700
2023-06-27 00:00:00-04:00,281.1634449217763,288.4814073508039,279.8075116794291,286.18829345703125,26108300
>>>>>>> e449bea2185155843b42d9ec49e68bf9bed44428
2023-06-28 00:00:00-04:00,283.9650338977414,288.6808158990224,283.2073055313748,284.4336242675781,16722100
2023-06-29 00:00:00-04:00,283.64596107932914,285.7097544604162,279.8474007305867,280.68487548828125,15395700
2023-06-30 00:00:00-04:00,283.90519323895296,288.1822932497527,283.5662175306405,286.1185302734375,19676000
2023-07-03 00:00:00-04:00,285.8393893544162,288.5312661752099,283.99493664281675,285.1614074707031,8629300
<<<<<<< HEAD
2023-07-05 00:00:00-04:00,286.78652944445383,297.2251019355946,285.50039323238434,293.4863586425781,33865500
=======
2023-07-05 00:00:00-04:00,286.7864996235437,297.2250710292509,285.50036354521046,293.486328125,33865500
>>>>>>> e449bea2185155843b42d9ec49e68bf9bed44428
2023-07-06 00:00:00-04:00,295.00181219637915,297.22509871121946,290.4355433988341,291.1134948730469,47600500
2023-07-07 00:00:00-04:00,291.3029082719635,295.3108602540236,287.7934857842102,289.6578674316406,25546200
2023-07-10 00:00:00-04:00,294.6627921532091,297.2350644282765,286.1883078468292,293.2171630859375,37058300
2023-07-11 00:00:00-04:00,293.01775571973934,299.2789030026495,291.023759382176,297.39459228515625,27585900
2023-07-12 00:00:00-04:00,300.84419507987656,308.52109308991646,299.19915419943067,308.4114074707031,36677100
<<<<<<< HEAD
2023-07-13 00:00:00-04:00,312.67853832720243,315.2906684733064,309.35854805146704,312.4691772460937,30281000
2023-07-14 00:00:00-04:00,310.8540888154705,313.93480971650524,306.4373635020783,307.9428405761719,22576000
=======
2023-07-13 00:00:00-04:00,312.678568865228,315.290699266448,309.35857826524284,312.4692077636719,30281000
2023-07-14 00:00:00-04:00,310.8540580093835,313.93477860511433,306.4373331336951,307.9428100585937,22576000
>>>>>>> e449bea2185155843b42d9ec49e68bf9bed44428
2023-07-17 00:00:00-04:00,306.6168201151259,310.7742853694711,303.7952983070695,309.68756103515625,25323100
2023-07-18 00:00:00-04:00,309.94677997222567,313.2568210281427,306.696556369346,311.1132507324219,20764600
2023-07-19 00:00:00-04:00,312.09033586790633,317.7233694419462,309.58786072545865,315.0614013671875,21763700
<<<<<<< HEAD
2023-07-20 00:00:00-04:00,312.5589283741763,314.59281317377736,301.3127901588045,301.61187744140625,23836900
2023-07-21 00:00:00-04:00,303.6557267178663,304.5430392290283,290.32586663350776,293.3766784667969,42089700
2023-07-24 00:00:00-04:00,294.8921148596486,296.62688192357314,287.4345576616123,290.734619140625,24915700
2023-07-25 00:00:00-04:00,294.3038688952415,297.40451835356475,290.98384821390823,293.5860290527344,19585600
=======
2023-07-20 00:00:00-04:00,312.55895999939474,314.5928450047876,301.3128206461205,301.6119079589844,23836900
2023-07-21 00:00:00-04:00,303.6557267178663,304.5430392290283,290.32586663350776,293.3766784667969,42089700
2023-07-24 00:00:00-04:00,294.8921148596486,296.62688192357314,287.4345576616123,290.734619140625,24915700
2023-07-25 00:00:00-04:00,294.30389948743743,297.40454926806586,290.9838784609958,293.5860595703125,19585600
>>>>>>> e449bea2185155843b42d9ec49e68bf9bed44428
2023-07-26 00:00:00-04:00,300.28589756898896,300.86414315157475,291.02377554726564,297.6737670898437,47256900
2023-07-27 00:00:00-04:00,324.14404114347604,324.37336167661925,308.9099102767989,310.7742919921875,64229200
2023-07-28 00:00:00-04:00,315.9287702573895,325.22080007107,313.30666032430884,324.5029602050781,39220300
2023-07-31 00:00:00-04:00,322.7183326398221,324.682420206471,316.6366378578659,317.64361572265625,25799600
2023-08-01 00:00:00-04:00,316.5867784267874,323.1669718313409,313.7154190920029,321.7412414550781,22817900
2023-08-02 00:00:00-04:00,317.04541119744914,317.4342550797979,309.7174687213709,313.3664855957031,20461100
2023-08-03 00:00:00-04:00,308.99965396522225,315.0016027794052,308.99965396522225,312.2498779296875,15180200
2023-08-04 00:00:00-04:00,314.0145238462236,317.45417957979663,309.2688334168202,309.7972412109375,17600200
<<<<<<< HEAD
2023-08-07 00:00:00-04:00,312.2897506612341,316.1182200187002,309.5280462319016,315.6097412109375,16236500
2023-08-08 00:00:00-04:00,313.45620357399423,316.9357477105691,309.1790731099461,311.7015075683594,15183500
2023-08-09 00:00:00-04:00,311.9408131035523,312.6885617809255,301.9409220085193,304.2938232421875,19955800
2023-08-10 00:00:00-04:00,307.01561268983664,311.4023984638536,302.9578229178342,304.8222045898437,14358900
2023-08-11 00:00:00-04:00,301.6617591491312,303.8052992399321,299.4583711731534,300.73455810546875,13967800
=======
2023-08-07 00:00:00-04:00,312.28972046467925,316.1181894519552,309.5280163023871,315.6097106933594,16236500
2023-08-08 00:00:00-04:00,313.4562342633684,316.93577874061293,309.1791033805617,311.7015380859375,15183500
2023-08-09 00:00:00-04:00,311.9408131035523,312.6885617809255,301.9409220085193,304.2938232421875,19955800
2023-08-10 00:00:00-04:00,307.01561268983664,311.4023984638536,302.9578229178342,304.8222045898437,14358900
2023-08-11 00:00:00-04:00,301.6617285374637,303.805268410745,299.4583407850786,300.7345275878906,13967800
>>>>>>> e449bea2185155843b42d9ec49e68bf9bed44428
2023-08-14 00:00:00-04:00,300.07652204438915,305.2908030336136,297.35470606984745,305.2708740234375,15641900
2023-08-15 00:00:00-04:00,305.221003444703,306.30772768878484,299.12932942167873,301.0435791015625,11623600
2023-08-16 00:00:00-04:00,299.2988482424974,300.1761810315978,293.39660597583463,293.4065856933594,18547700
<<<<<<< HEAD
2023-08-17 00:00:00-04:00,292.17031982241497,295.16131451949195,284.09465848108425,284.2342224121094,23950100
2023-08-18 00:00:00-04:00,278.1924159917076,284.8324278806848,273.5563802892064,282.3997497558594,34061200
2023-08-21 00:00:00-04:00,282.5991647312284,289.6279901884774,281.003961453946,289.02978515625,20181500
2023-08-22 00:00:00-04:00,291.67181727243127,292.020772734843,285.889239763215,286.7366943359375,12999900
2023-08-23 00:00:00-04:00,287.6339903643109,296.507268557253,286.8064952179346,293.35675048828125,18287000
2023-08-24 00:00:00-04:00,297.6039495227019,298.56105923305125,285.7795659987274,285.88922119140625,18360900
2023-08-25 00:00:00-04:00,285.2710885628536,287.5243141421373,275.20140105552133,284.6429748535156,23701400
=======
2023-08-17 00:00:00-04:00,292.1702884527562,295.1612828286969,284.0946279784908,284.23419189453125,23950100
2023-08-18 00:00:00-04:00,278.1924159917076,284.8324278806848,273.5563802892064,282.3997497558594,34061200
2023-08-21 00:00:00-04:00,282.5991348926355,289.627959607737,281.0039317837847,289.0297546386719,20181500
2023-08-22 00:00:00-04:00,291.6717862296047,292.0207416548769,285.88920933583205,286.7366638183594,12999900
2023-08-23 00:00:00-04:00,287.6339903643109,296.507268557253,286.8064952179346,293.35675048828125,18287000
2023-08-24 00:00:00-04:00,297.6039495227019,298.56105923305125,285.7795659987274,285.88922119140625,18360900
2023-08-25 00:00:00-04:00,285.271119147774,287.524344968634,275.20143056083504,284.6430053710937,23701400
>>>>>>> e449bea2185155843b42d9ec49e68bf9bed44428
2023-08-28 00:00:00-04:00,287.1354767622308,290.57513266466634,284.942068588798,289.3887023925781,14239300
2023-08-29 00:00:00-04:00,287.7137326113585,298.2520110869479,287.3149394090085,297.0954895019531,20844500
2023-08-30 00:00:00-04:00,296.2779659216837,297.3945990278811,292.5491719962393,294.21417236328125,17717000
2023-08-31 00:00:00-04:00,294.9120439277438,300.1961524379572,294.77248000667265,295.0018005371094,17229900
2023-09-01 00:00:00-04:00,298.4713407543775,300.83422157659004,293.5860557497815,295.4903259277344,12819800
2023-09-05 00:00:00-04:00,296.1283837976072,300.48529133327366,294.62293725922126,299.2489929199219,14956000
<<<<<<< HEAD
2023-09-06 00:00:00-04:00,300.8043262435602,302.3895497717645,294.77249914672143,298.27197265625,15418100
=======
2023-09-06 00:00:00-04:00,300.80429546688526,302.3895188328981,294.7724689871905,298.2719421386719,15418100
>>>>>>> e449bea2185155843b42d9ec49e68bf9bed44428
2023-09-07 00:00:00-04:00,297.1054658311347,306.12828743850406,291.3428174088985,297.7734680175781,33748700
2023-09-08 00:00:00-04:00,298.3217827042648,304.3336802318553,295.8891048245993,296.99578857421875,17548000
2023-09-11 00:00:00-04:00,300.50518680917526,308.1122868218041,300.3755721941293,306.63671875,19489300
2023-09-12 00:00:00-04:00,305.4104197333419,307.7334423840388,299.32875556160786,300.75445556640625,13480400
<<<<<<< HEAD
2023-09-13 00:00:00-04:00,301.4523191389585,306.2578570955206,300.4154630621472,304.14422607421875,13210900
2023-09-14 00:00:00-04:00,305.819209392764,311.9308130522773,304.11435103875283,310.7842712402344,19343100
2023-09-15 00:00:00-04:00,310.6745750864856,311.0634189646563,297.85319364003544,299.40850830078125,28106400
2023-09-18 00:00:00-04:00,297.2948872439587,302.6886510038026,296.9060433525425,301.64178466796875,14234200
2023-09-19 00:00:00-04:00,301.5720142576942,305.2509399005559,298.9100157842369,304.1542358398437,15924400
2023-09-20 00:00:00-04:00,304.13424016120365,307.1352140001781,298.5311160403284,298.7704162597656,19379500
2023-09-21 00:00:00-04:00,294.81234591315973,299.3586547468099,292.38961744280687,294.8422546386719,21300500
2023-09-22 00:00:00-04:00,298.4015612889904,304.46332763135354,297.3746543180468,298.1822204589844,25369600
2023-09-25 00:00:00-04:00,294.7525484968529,300.04660625411816,292.8183696463526,299.92694091796875,18987000
2023-09-26 00:00:00-04:00,296.7664755991058,299.39853491683004,295.12143472228195,298.06256103515625,19417200
2023-09-27 00:00:00-04:00,299.54810883959084,300.39553293339304,285.9291103457343,296.8462219238281,36429800
2023-09-28 00:00:00-04:00,298.0426266727821,305.4104271124814,295.8093605734906,303.04754638671875,22167100
=======
2023-09-13 00:00:00-04:00,301.4523493864329,306.2578878251787,300.4154932055844,304.1442565917969,13210900
2023-09-14 00:00:00-04:00,305.8191793627319,311.9307824221141,304.11432117613,310.78424072265625,19343100
2023-09-15 00:00:00-04:00,310.6745434205998,311.0633872591372,297.8531632809847,299.4084777832031,28106400
2023-09-18 00:00:00-04:00,297.2949173217543,302.6886816272939,296.9060733909982,301.6418151855469,14234200
2023-09-19 00:00:00-04:00,301.5720142576942,305.2509399005559,298.9100157842369,304.1542358398437,15924400
2023-09-20 00:00:00-04:00,304.1342712266637,307.1352453721693,298.53114653346347,298.7704467773437,19379500
2023-09-21 00:00:00-04:00,294.81234591315973,299.3586547468099,292.38961744280687,294.8422546386719,21300500
2023-09-22 00:00:00-04:00,298.4015307489637,304.46329647093296,297.3746238831193,298.18218994140625,25369600
2023-09-25 00:00:00-04:00,294.75251850576944,300.04657572436406,292.81833985207186,299.9269104003906,18987000
2023-09-26 00:00:00-04:00,296.7664755991058,299.39853491683004,295.12143472228195,298.06256103515625,19417200
2023-09-27 00:00:00-04:00,299.54810883959084,300.39553293339304,285.9291103457343,296.8462219238281,36429800
2023-09-28 00:00:00-04:00,298.0426566863534,305.410457868007,295.80939036216694,303.0475769042969,22167100
>>>>>>> e449bea2185155843b42d9ec49e68bf9bed44428
2023-09-29 00:00:00-04:00,306.4573287730028,309.7075528236148,298.4613832878981,299.308837890625,25356600
2023-10-02 00:00:00-04:00,301.83121723103505,306.257891554308,300.72456386320164,305.89898681640625,16265600
2023-10-03 00:00:00-04:00,303.3466622032201,305.8491068316841,298.7405356890142,300.03662109375,17362300
2023-10-04 00:00:00-04:00,297.8332760447356,305.97873410342623,297.6039555109258,304.6626892089844,16880500
2023-10-05 00:00:00-04:00,303.7155681887489,305.2908119659036,298.60096252673003,303.8750915527344,19130000
2023-10-06 00:00:00-04:00,300.5351291918884,315.36048703236065,300.00672138165254,314.4831237792969,21784000
2023-10-09 00:00:00-04:00,311.5619326362488,319.36841503295585,310.8839811730651,317.4043273925781,22503700
<<<<<<< HEAD
2023-10-10 00:00:00-04:00,318.1620347498899,323.6854128463857,317.2049250752736,320.8738708496094,19038000
2023-10-11 00:00:00-04:00,322.04040895131783,327.85289526180526,321.9805914914204,326.8359680175781,22036300
2023-10-12 00:00:00-04:00,327.01538936601366,329.5477731565949,321.72133168565966,323.1869201660156,20530500
2023-10-13 00:00:00-04:00,322.55882163399286,324.07424792211606,311.4323182362764,313.745361328125,21341000
2023-10-16 00:00:00-04:00,317.6834989850045,320.85394573854074,314.57283925926714,320.1859436035156,16536100
2023-10-17 00:00:00-04:00,317.22486817474584,323.42619796512923,316.34750492322365,323.02740478515625,16387800
2023-10-18 00:00:00-04:00,320.42523870700643,324.9615679587748,314.6127226594168,316.0184936523437,16851000
2023-10-19 00:00:00-04:00,318.919786721274,320.9237628247371,310.8141865471732,311.8710021972656,18709200
2023-10-20 00:00:00-04:00,313.1969898274332,314.3534808193701,305.5500012061625,307.72344970703125,22287400
2023-10-23 00:00:00-04:00,308.5709116495683,316.40730210347425,306.3376456440522,313.0673828125,17796800
2023-10-24 00:00:00-04:00,315.82906844154513,317.3943628179741,309.69753598768875,311.6117553710937,19525500
=======
2023-10-10 00:00:00-04:00,318.1620650095515,323.6854436313632,317.20495524390674,320.8739013671875,19038000
2023-10-11 00:00:00-04:00,322.0403788815143,327.85286464927384,321.98056142720225,326.8359375,22036300
2023-10-12 00:00:00-04:00,327.01538936601366,329.5477731565949,321.72133168565966,323.1869201660156,20530500
2023-10-13 00:00:00-04:00,322.55882163399286,324.07424792211606,311.4323182362764,313.745361328125,21341000
2023-10-16 00:00:00-04:00,317.6834989850045,320.85394573854074,314.57283925926714,320.1859436035156,16536100
2023-10-17 00:00:00-04:00,317.2248382053545,323.4261674098757,316.34747503672,323.0273742675781,16387800
2023-10-18 00:00:00-04:00,320.42526965013934,324.9615993399763,314.61275304124104,316.0185241699219,16851000
2023-10-19 00:00:00-04:00,318.91975551394967,320.92373142131726,310.8141561330079,311.8709716796875,18709200
2023-10-20 00:00:00-04:00,313.1969898274332,314.3534808193701,305.5500012061625,307.72344970703125,22287400
2023-10-23 00:00:00-04:00,308.5709116495683,316.40730210347425,306.3376456440522,313.0673828125,17796800
2023-10-24 00:00:00-04:00,315.82909937214424,317.3943939018697,309.69756631779853,311.6117858886719,19525500
>>>>>>> e449bea2185155843b42d9ec49e68bf9bed44428
2023-10-25 00:00:00-04:00,309.06943138761403,309.94679464164363,297.9429282065436,298.630859375,42192500
2023-10-26 00:00:00-04:00,294.1144367350563,294.1144367350563,278.56126043607685,287.4844055175781,66684100
2023-10-27 00:00:00-04:00,293.5960181398353,298.4115056852765,292.09054123817776,295.8392639160156,29596300
2023-10-30 00:00:00-04:00,298.19214397527173,308.4711914660601,298.15225553388734,301.7514343261719,28435100
2023-10-31 00:00:00-04:00,302.39951591248087,302.76840037137794,295.9688654732085,300.3656311035156,19434200
<<<<<<< HEAD
2023-11-01 00:00:00-04:00,300.943897887097,311.80119192718905,300.943897887097,310.91387939453125,20434600
2023-11-02 00:00:00-04:00,316.34748865128154,317.8629452535856,307.4044143728802,309.9367980957031,21631800
2023-11-03 00:00:00-04:00,311.6117750838767,314.60276968238185,310.0863690556779,313.6556396484375,16754100
2023-11-06 00:00:00-05:00,315.0315030639077,317.3744244996355,313.5060970307118,314.8520202636719,12887700
2023-11-07 00:00:00-05:00,316.1082494912903,320.0364248660919,314.17407053309984,317.86297607421875,14055600
2023-11-08 00:00:00-05:00,317.18503756995096,320.3654339926538,313.9348135416066,318.8200988769531,13609700
2023-11-09 00:00:00-05:00,318.4611861193062,323.2068769762106,317.84302166256805,319.5877685546875,16103100
=======
2023-11-01 00:00:00-04:00,300.94386834811684,311.80116132251726,300.94386834811684,310.9138488769531,20434600
2023-11-02 00:00:00-04:00,316.34748865128154,317.8629452535856,307.4044143728802,309.9367980957031,21631800
2023-11-03 00:00:00-04:00,311.6117750838767,314.60276968238185,310.0863690556779,313.6556396484375,16754100
2023-11-06 00:00:00-05:00,315.0314725289329,317.374393737569,313.50606664358963,314.8519897460937,12887700
2023-11-07 00:00:00-05:00,316.1082494912903,320.0364248660919,314.17407053309984,317.86297607421875,14055600
2023-11-08 00:00:00-05:00,317.1850072088816,320.3654033271556,313.93478349164985,318.820068359375,13609700
2023-11-09 00:00:00-05:00,318.4611557093059,323.2068461130422,317.8429913115966,319.5877380371094,16103100
>>>>>>> e449bea2185155843b42d9ec49e68bf9bed44428
2023-11-10 00:00:00-05:00,318.97960050279204,328.1121074930015,318.5010304225035,327.7830810546875,19096200
2023-11-13 00:00:00-05:00,325.2207981090324,331.3323710116849,324.7222990502668,328.2018127441406,16908900
2023-11-14 00:00:00-05:00,333.5357697836252,337.085080765286,332.3293801148367,335.3004455566406,17179400
2023-11-15 00:00:00-05:00,336.91560518055826,337.3841955665579,329.0293455156552,331.7112731933594,14531200
2023-11-16 00:00:00-05:00,328.38125994249083,333.57561153392663,325.4002453542298,333.1867980957031,18932600
<<<<<<< HEAD
2023-11-17 00:00:00-05:00,329.2686212639643,334.4928818734572,328.3613492894356,334.0342712402344,14494400
2023-11-20 00:00:00-05:00,333.8847256668156,340.8437532938855,333.1868147901554,338.949462890625,16960500
2023-11-21 00:00:00-05:00,337.3143986148972,338.87969314215803,334.89170021215097,335.9684753417969,12027900
2023-11-22 00:00:00-05:00,338.1917501115132,341.8906353315582,337.5636363788274,340.46490478515625,10702700
2023-11-24 00:00:00-05:00,339.1090122280859,340.83379969026174,335.7590823598064,337.2147216796875,5467500
=======
2023-11-17 00:00:00-05:00,329.2686513461496,334.49291243293425,328.36137928873205,334.0343017578125,14494400
2023-11-20 00:00:00-05:00,333.8847256668156,340.8437532938855,333.1868147901554,338.949462890625,16960500
2023-11-21 00:00:00-05:00,337.31433733522795,338.8796315781229,334.8916393726117,335.9684143066406,12027900
2023-11-22 00:00:00-05:00,338.1917501115132,341.8906353315582,337.5636363788274,340.46490478515625,10702700
2023-11-24 00:00:00-05:00,339.10898153907647,340.8337688451609,335.75905197396213,337.2146911621094,5467500
>>>>>>> e449bea2185155843b42d9ec49e68bf9bed44428
2023-11-27 00:00:00-05:00,335.17085037571405,338.8796849277578,333.1968133958327,333.6953125,15684500
2023-11-28 00:00:00-05:00,332.3991957890546,338.3612560141737,332.3991957890546,337.972412109375,12637200
2023-11-29 00:00:00-05:00,338.6703267324812,338.87968783875806,329.78706896879504,331.20281982421875,16024500
2023-11-30 00:00:00-05:00,330.89373014649,332.49888256128634,321.43219702652647,326.1679382324219,23146400
2023-12-01 00:00:00-05:00,324.5029931826529,325.8788251751518,319.79716034424774,323.844970703125,15264700
2023-12-04 00:00:00-05:00,316.33757104469163,319.8968315359929,312.7184626688075,319.0593566894531,19037100
2023-12-05 00:00:00-05:00,318.0224953980524,320.91378408020944,314.4432755268274,317.3345642089844,16952100
2023-12-06 00:00:00-05:00,320.9636024873102,321.2826491929305,316.0882974257931,316.4970703125,11294300
2023-12-07 00:00:00-05:00,316.81605854345474,327.2546293159313,316.81605854345474,325.6095886230469,15905100
2023-12-08 00:00:00-05:00,322.1200938914097,332.16985119807595,322.030367718703,331.7510986328125,14077500
2023-12-11 00:00:00-05:00,328.411185876359,328.89973566152844,319.0394093129839,324.3035583496094,25802500
2023-12-12 00:00:00-05:00,323.62561813283475,333.4659853870154,323.58572968601567,333.2167358398437,18485500
2023-12-13 00:00:00-05:00,332.92757190362147,337.3542459505339,331.6414662471297,333.7351379394531,16353300
<<<<<<< HEAD
2023-12-14 00:00:00-05:00,332.84784280603594,333.6952973297882,327.653490896026,332.1698913574219,19607300
2023-12-15 00:00:00-05:00,330.9934145559616,337.6434057741345,330.22573691415704,333.9146423339844,30001600
2023-12-18 00:00:00-05:00,336.46692913662514,346.51665657913736,336.0082881047529,343.5854797363281,18993900
2023-12-19 00:00:00-05:00,344.5426382066186,352.5385835597436,344.0840275357372,349.30828857421875,17729400
2023-12-20 00:00:00-05:00,347.6033926563057,353.8944484355048,346.745988867202,348.23150634765625,16369900
2023-12-21 00:00:00-05:00,351.9204157566289,355.34011208767663,348.16171328183214,353.0270690917969,15289600
2023-12-22 00:00:00-05:00,354.5125910859863,356.12775365726264,350.1656937282936,352.3291931152344,11764200
2023-12-26 00:00:00-05:00,353.92438542553106,355.90843255642073,352.38903008625346,353.7648620605469,9898600
2023-12-27 00:00:00-05:00,355.0011328314587,357.9223300614829,354.243404513403,356.7558288574219,13207900
2023-12-28 00:00:00-05:00,358.6202164470377,360.8135939362692,356.73587549816773,357.2443542480469,11798800
2023-12-29 00:00:00-05:00,357.91236047582214,358.9193383558529,350.7639006921109,352.8974609375,14980500
2024-01-02 00:00:00-05:00,350.26538761924536,352.0998605131119,338.9893412904132,345.25048828125,19042200
2024-01-03 00:00:00-05:00,343.94442238101067,346.9055080143639,342.1498075094817,343.4359436035156,15451100
2024-01-04 00:00:00-05:00,343.4658725695921,347.104909836732,342.3691684878044,346.0780029296875,12099900
2024-01-05 00:00:00-05:00,345.9483912545072,352.43885918975764,345.2206020504419,350.8935241699219,13920700
2024-01-08 00:00:00-05:00,353.63526971531167,357.9024207460661,350.9932001743832,357.5833740234375,13890200
2024-01-09 00:00:00-05:00,355.3301183160112,359.5574109682424,354.29323176818457,356.3570251464844,13463900
2024-01-10 00:00:00-05:00,359.0888412618447,371.8204968325159,358.0020864908146,369.35791015625,22117200
2024-01-11 00:00:00-05:00,371.01294027320887,371.6609830096989,361.84054478052354,368.5603332519531,17205400
=======
2023-12-14 00:00:00-05:00,332.8478122261721,333.6952666720658,327.6534607933849,332.1698608398437,19607300
2023-12-15 00:00:00-05:00,330.9934145559616,337.6434057741345,330.22573691415704,333.9146423339844,30001600
2023-12-18 00:00:00-05:00,336.46692913662514,346.51665657913736,336.0082881047529,343.5854797363281,18993900
2023-12-19 00:00:00-05:00,344.54260810539506,352.5385527599483,344.0839974745805,349.3082580566406,17729400
2023-12-20 00:00:00-05:00,347.6034231188386,353.8944794493599,346.74601925459547,348.2315368652344,16369900
2023-12-21 00:00:00-05:00,351.9204157566289,355.34011208767663,348.16171328183214,353.0270690917969,15289600
2023-12-22 00:00:00-05:00,354.51256037928954,356.1277228106659,350.1656633981106,352.32916259765625,11764200
2023-12-26 00:00:00-05:00,353.92435489419165,355.9084018539272,352.3889996873617,353.76483154296875,9898600
2023-12-27 00:00:00-05:00,355.0011631989367,357.9223606788458,354.24343481606354,356.755859375,13207900
2023-12-28 00:00:00-05:00,358.62027771725985,360.8136555812296,356.73593644645047,357.2444152832031,11798800
2023-12-29 00:00:00-05:00,357.9123914270747,358.91936939418605,350.7639310251848,352.8974914550781,14980500
2024-01-02 00:00:00-05:00,350.2654185801033,352.0998916361236,338.9893712545524,345.2505187988281,19042200
2024-01-03 00:00:00-05:00,343.94445294377203,346.9055388402461,342.1498379127744,343.4359741210937,15451100
2024-01-04 00:00:00-05:00,343.4658725695921,347.104909836732,342.3691684878044,346.0780029296875,12099900
2024-01-05 00:00:00-05:00,345.9483611670124,352.4388285377801,345.2205720262438,350.8934936523437,13920700
2024-01-08 00:00:00-05:00,353.63526971531167,357.9024207460661,350.9932001743832,357.5833740234375,13890200
2024-01-09 00:00:00-05:00,355.3301183160112,359.5574109682424,354.29323176818457,356.3570251464844,13463900
2024-01-10 00:00:00-05:00,359.0888412618447,371.8204968325159,358.0020864908146,369.35791015625,22117200
2024-01-11 00:00:00-05:00,371.0129095525496,371.6609522353804,361.8405148193581,368.560302734375,17205400
>>>>>>> e449bea2185155843b42d9ec49e68bf9bed44428
2024-01-12 00:00:00-05:00,369.0488257600912,375.9281066657986,368.4306917971796,373.3658142089844,19295700
2024-01-16 00:00:00-05:00,372.52835460856994,374.48246247350784,366.1276434906722,366.35693359375,15306900
2024-01-17 00:00:00-05:00,365.2003972739985,367.4336937407668,357.533479337253,367.2641906738281,12724800
2024-01-18 00:00:00-05:00,370.3748295500592,375.7187554056821,369.8364724607819,375.00091552734375,16354300
2024-01-19 00:00:00-05:00,377.86229628751227,383.20619173080735,376.8353894170151,382.2989501953125,21470100
<<<<<<< HEAD
2024-01-22 00:00:00-05:00,386.7854644589148,389.1782540574234,380.0158381511675,380.6339721679688,17680500
2024-01-23 00:00:00-05:00,383.4654556755169,387.21417876954246,380.9330716433207,384.0437316894531,15506100
2024-01-24 00:00:00-05:00,388.8292802835206,394.9608128489515,386.6458518909279,389.5271911621094,15698500
2024-01-25 00:00:00-05:00,388.9987815997488,394.3027886343782,384.5023102066288,391.9997253417969,15091100
2024-01-26 00:00:00-05:00,393.1662092275423,395.5988870405149,390.414484718384,392.9568481445313,13163700
2024-01-29 00:00:00-05:00,393.80429491728194,401.7204627706094,391.9199842095187,399.8161926269531,18742400
2024-01-30 00:00:00-05:00,402.3785027962044,405.1401768768228,398.3705809565753,398.8591003417969,18614700
2024-01-31 00:00:00-05:00,387.8322795771125,396.8052629092308,385.93798918108126,388.9688720703125,20180800
2024-02-01 00:00:00-05:00,392.7574349130273,399.2977400310185,391.8700919973829,393.5949096679688,29727100
2024-02-02 00:00:00-05:00,458.2203325055179,484.5011877975717,451.65011868250446,473.5641174316406,84615500
2024-02-05 00:00:00-05:00,468.4694859391325,470.48341120729447,457.8414822279656,458.0309143066406,40832400
2024-02-06 00:00:00-05:00,462.60712168541966,465.71775091135646,451.6401425075326,453.35498046875,21655200
2024-02-07 00:00:00-05:00,456.6251837121304,470.10458866224815,454.81063965366144,468.1803894042969,23066000
2024-02-08 00:00:00-05:00,466.914192215381,469.17736711732925,463.6340597031896,468.5891418457031,18815100
2024-02-09 00:00:00-05:00,471.5303014331756,472.1683644469143,466.0667404530582,466.7048034667969,18413100
2024-02-12 00:00:00-05:00,466.7845714655365,477.7116627915946,465.1793886047095,467.492431640625,19382000
2024-02-13 00:00:00-05:00,455.4985559473325,466.4854954194863,453.7239003949367,458.7388000488281,20916600
2024-02-14 00:00:00-05:00,466.5253674295501,472.6868090958432,464.6908943651184,471.85931396484375,16858400
=======
2024-01-22 00:00:00-05:00,386.7854334481368,389.1782228548019,380.0158076831487,380.6339416503906,17680500
2024-01-23 00:00:00-05:00,383.4654252038909,387.21414800002856,380.93304137292745,384.043701171875,15506100
2024-01-24 00:00:00-05:00,388.8292498206204,394.9607819056753,386.6458215990888,389.5271606445313,15698500
2024-01-25 00:00:00-05:00,388.9987815997488,394.3027886343782,384.5023102066288,391.9997253417969,15091100
2024-01-26 00:00:00-05:00,393.1662397613797,395.5989177632775,390.4145150385186,392.9568786621094,13163700
2024-01-29 00:00:00-05:00,393.8042648585861,401.7204321076802,391.9199542946504,399.816162109375,18742400
2024-01-30 00:00:00-05:00,402.3784720093492,405.14014587866586,398.3705504763748,398.8590698242188,18614700
2024-01-31 00:00:00-05:00,387.83231000551626,396.8052940416336,385.9380194608635,388.9689025878906,20180800
2024-02-01 00:00:00-05:00,392.7574653656714,399.29777099076847,391.8701223812264,393.5949401855469,29727100
2024-02-02 00:00:00-05:00,458.22036203430673,484.5012190199603,451.6501477878933,473.5641479492188,84615500
2024-02-05 00:00:00-05:00,468.4694859391325,470.48341120729447,457.8414822279656,458.0309143066406,40832400
2024-02-06 00:00:00-05:00,462.60715282580543,465.7177822611342,451.6401729096765,453.3550109863281,21655200
2024-02-07 00:00:00-05:00,456.6251539477596,470.1045580192442,454.8106100075687,468.1803588867188,23066000
2024-02-08 00:00:00-05:00,466.9141618068865,469.1773365614421,463.6340295083187,468.589111328125,18815100
2024-02-09 00:00:00-05:00,471.5303014331756,472.1683644469143,466.0667404530582,466.7048034667969,18413100
2024-02-12 00:00:00-05:00,466.7846019369061,477.711693976277,465.1794189712938,467.4924621582031,19382000
2024-02-13 00:00:00-05:00,455.4985256453114,466.4854643865596,453.72387021097455,458.73876953125,20916600
2024-02-14 00:00:00-05:00,466.5253372569458,472.6867785247466,464.690864311159,471.8592834472656,16858400
>>>>>>> e449bea2185155843b42d9ec49e68bf9bed44428
2024-02-15 00:00:00-05:00,473.85329231896327,487.15324434822537,470.8024803316047,482.5770263671875,24212300
2024-02-16 00:00:00-05:00,476.6747383096706,477.52219276443793,467.8014614663835,471.8991394042969,23306500
2024-02-20 00:00:00-05:00,468.3099573415916,474.75055666649286,465.1594396366698,470.3338623046875,18015500
2024-02-21 00:00:00-05:00,465.5931232458816,468.08826324184014,460.892288021806,467.1201477050781,12977100
2024-02-22 00:00:00-05:00,479.3064025945316,489.03744857222273,475.1345358340762,485.1849670410156,21625800
2024-02-23 00:00:00-05:00,487.1012244964284,493.3989554957873,481.4123235027097,483.0890502929688,18374300
2024-02-26 00:00:00-05:00,482.5301451939748,485.19496816893,479.66572928997687,480.8034973144531,12101400
2024-02-27 00:00:00-05:00,479.0469168339824,486.32272294642894,478.98703591226894,486.1031494140625,10809600
2024-02-28 00:00:00-05:00,484.057146344722,490.0953727910825,481.81152040807126,483.07904052734375,12715500
2024-02-29 00:00:00-05:00,487.4904680063967,490.7441402658481,481.6717845541662,489.17718505859375,17732000
2024-03-01 00:00:00-05:00,491.1532938659197,503.2697075938405,490.8938200332077,501.323486328125,16273600
2024-03-04 00:00:00-05:00,502.0221740811005,503.4394270198988,495.4549789231815,497.2215270996094,12324100
2024-03-05 00:00:00-05:00,494.0377046040133,494.6165636643431,486.9415412851161,489.2669982910156,15325300
2024-03-06 00:00:00-05:00,496.6625945478114,501.99220974389897,493.3290912809664,495.1255798339844,11757900
2024-03-07 00:00:00-05:00,502.3016227989603,518.8393875817937,500.4053224893373,511.1943054199219,18586400
2024-03-08 00:00:00-05:00,513.1904331322945,522.5522035785065,498.3792852839044,504.9664611816406,18575200
2024-03-11 00:00:00-04:00,496.0437960385243,496.3531909454801,475.0746308423108,482.6498718261719,20428300
2024-03-12 00:00:00-04:00,492.301099377149,501.333493756627,483.78768313907017,498.7784729003906,15448200
2024-03-13 00:00:00-04:00,494.4269551381181,500.00608428253145,490.0754153274844,494.6065979003906,12090700
2024-03-14 00:00:00-04:00,499.28750610824017,500.3753834971753,487.2110223730137,490.8738708496094,12620000
2024-03-15 00:00:00-04:00,488.0593635361437,490.873858245762,480.3643300160164,483.1589050292969,29141700
2024-03-18 00:00:00-04:00,490.95370402455006,496.4530020333444,485.863612608583,496.0138549804688,11755300
2024-03-19 00:00:00-04:00,487.2210103106375,495.6645555317384,480.34438985930007,495.2752990722656,10903100
2024-03-20 00:00:00-04:00,498.52897576251536,507.2120752113496,494.20740665153033,504.5372619628906,11711100
2024-03-21 00:00:00-04:00,513.7094200077473,514.0387346242219,505.0263207204912,506.7729187011719,9712500
2024-03-22 00:00:00-04:00,506.0143844289081,508.9786119228868,503.35955185364,508.58935546875,8117000
2024-03-25 00:00:00-04:00,504.80674884963264,506.2339616085731,499.267519817681,502.0421142578125,8380600
2024-03-26 00:00:00-04:00,504.1480223877719,509.0085501403012,494.2472936579221,494.9259948730469,11205400
2024-03-27 00:00:00-04:00,498.32936006269534,498.9182399194829,487.1212104185396,492.8999328613281,9989700
2024-03-28 00:00:00-04:00,491.8819131189627,491.9318341936839,484.2068600776607,484.6360168457031,15212800
2024-04-01 00:00:00-04:00,486.25287973316216,496.4629727912672,480.8434029856363,490.3948059082031,9247000
2024-04-02 00:00:00-04:00,484.1569705629723,496.5627993040711,483.7078331807186,496.4031066894531,11081000
2024-04-03 00:00:00-04:00,497.96006796438513,506.25391080768406,497.7804251960993,505.7548828125,12099200
2024-04-04 00:00:00-04:00,515.4160659085176,528.9696835357336,509.587422484548,509.9267883300781,26476300
2024-04-05 00:00:00-04:00,515.8552120176345,529.6683339272391,513.4099626225894,526.3148803710938,19242000
2024-04-08 00:00:00-04:00,528.2511319421378,530.4567968117026,517.8813150302401,518.2406005859375,13260600
2024-04-09 00:00:00-04:00,521.2147359209476,524.8476741755281,505.7548591015797,515.8951416015625,10881400
2024-04-10 00:00:00-04:00,508.2999394327069,521.5441313444891,504.81670334506987,518.8194580078125,11418500
2024-04-11 00:00:00-04:00,520.096941742047,522.8415957114497,516.2843605545687,522.1429443359375,10369500
2024-04-12 00:00:00-04:00,516.7434797217279,519.1787387310987,508.3398350323003,510.9048461914063,11944900
2024-04-15 00:00:00-04:00,515.7154717432986,517.5220115994775,496.31329094945136,499.257568359375,13512900
2024-04-16 00:00:00-04:00,497.1416658784177,503.7887225781556,496.1436098656929,498.7884826660156,9847900
2024-04-17 00:00:00-04:00,502.1219834221736,502.18186434595833,486.1930180721397,493.2093505859375,12193700
2024-04-18 00:00:00-04:00,498.8483620025783,511.2142905808469,498.0698795334605,500.8244934082031,14808700
2024-04-19 00:00:00-04:00,501.8225330284778,501.8225330284778,474.8051808806413,480.1347961425781,25111000
2024-04-22 00:00:00-04:00,488.7679755975781,491.053532319404,472.4796946988749,480.7935180664063,17271100
2024-04-23 00:00:00-04:00,490.2950118893063,497.7904222248298,488.0194454188677,495.1355895996094,15079200
2024-04-24 00:00:00-04:00,507.07231131521,509.00854232463433,483.6379462839996,492.5406188964844,37772700
2024-04-25 00:00:00-04:00,420.5807731997071,444.9033919413143,413.694193204242,440.5219421386719,82890700
2024-04-26 00:00:00-04:00,440.60179363553294,445.57212348505936,431.1202616268425,442.4282531738281,32691400
2024-04-29 00:00:00-04:00,438.7054719267964,438.9050953005432,427.7268564522354,431.7789611816406,21502600
2024-04-30 00:00:00-04:00,430.2120344630395,438.7653818490186,428.8846333604608,429.3337707519531,18429500
2024-05-01 00:00:00-04:00,427.76677311006887,449.085232926678,426.2796490786798,438.336181640625,20344900
2024-05-02 00:00:00-04:00,437.9869051412001,443.0969471483748,431.4396600122259,440.8213806152344,15221300
2024-05-03 00:00:00-04:00,445.0630836867062,453.2870854487341,442.9871407066776,451.0813598632813,16489100
2024-05-06 00:00:00-04:00,454.6943175072743,465.2537665429459,452.45868191997545,464.7746887207031,15094600
2024-05-07 00:00:00-04:00,465.3835210713844,470.6133245433972,460.41319143677833,467.3297119140625,13406800
2024-05-08 00:00:00-04:00,462.59895866999153,474.6554618179474,462.0999306671113,471.6812744140625,11683900
2024-05-09 00:00:00-04:00,469.0863117477524,475.1544787193693,466.720923942685,474.4957885742188,9437700
2024-05-10 00:00:00-04:00,476.1625460174616,476.571752643308,468.6871161257813,475.2742919921875,10750000
2024-05-13 00:00:00-04:00,471.830964810203,472.4298044901898,461.9502166942996,467.1001892089844,14668800
2024-05-14 00:00:00-04:00,462.46921324092034,471.6214003484616,459.185600405909,470.9327392578125,10478600
2024-05-15 00:00:00-04:00,474.0566370887748,481.5620070418452,470.2839867286216,480.6038818359375,13100500
2024-05-16 00:00:00-04:00,474.0765761423004,476.7613490838505,471.83095025531054,472.3100280761719,16608200
2024-05-17 00:00:00-04:00,469.9146972000182,471.88086875559367,467.509409022183,470.99261474609375,10807300
2024-05-20 00:00:00-04:00,469.03641631703806,472.2800982266766,466.13206978295614,467.9285583496094,11745100
2024-05-21 00:00:00-04:00,466.211925880553,469.7849835094019,461.3713480639575,463.7267761230469,11742200
2024-05-22 00:00:00-04:00,466.9604573716312,472.7990910823488,464.7447718260654,466.8706359863281,10078600
2024-05-23 00:00:00-04:00,471.9607152466433,473.4378185992272,460.6427641231833,464.87451171875,11747900
2024-05-24 00:00:00-04:00,466.71094448678497,478.9171804008043,465.393503249352,477.2903442382813,12012300
2024-05-28 00:00:00-04:00,475.65352662270686,479.9252051880524,473.9169188871992,478.987060546875,10175800
2024-05-29 00:00:00-04:00,473.7372402353228,478.9171530454121,472.7791150529408,473.4378051757813,9226200
2024-05-30 00:00:00-04:00,470.75307297693655,470.8129538985026,463.8065814927648,466.14202880859375,10735200
2024-05-31 00:00:00-04:00,464.8944584037428,468.2080115324199,453.5765073647504,465.9224548339844,16919800
2024-06-03 00:00:00-04:00,469.94465117647263,478.6676816554484,467.3297492316589,476.561767578125,11279400
2024-06-04 00:00:00-04:00,476.0727039295181,477.9590443575015,472.3100438382742,476.0627136230469,7088700
2024-06-05 00:00:00-04:00,483.5082357971476,495.6845005815194,482.9692770350638,494.09759521484375,15690500
2024-06-06 00:00:00-04:00,492.0216579190722,501.842525305561,489.9357245337482,492.8001403808594,10667300
2024-06-07 00:00:00-04:00,494.94595585748885,497.9401238650054,489.217124149748,492.0016784667969,9380700
2024-06-10 00:00:00-04:00,492.89992510751927,501.6828362460389,492.45081817922,501.6229553222656,11236900
2024-06-11 00:00:00-04:00,499.1876728383582,506.61321162083607,497.3013324531296,506.48345947265625,9673700
2024-06-12 00:00:00-04:00,512.9907817492206,513.0107623620365,503.4892998154175,507.8507995605469,11983200
2024-06-13 00:00:00-04:00,504.7268811426852,508.3697793782168,500.3853315378182,503.1200256347656,9954600
2024-06-14 00:00:00-04:00,502.17093377239473,506.66664496192107,500.2727507011821,503.6795043945313,10243300
2024-06-17 00:00:00-04:00,501.1918914793142,510.2632242736873,495.5372821439666,506.1471557617188,11266600
2024-06-18 00:00:00-04:00,504.07912183856513,505.5177518719045,494.5482054898148,499.0139465332031,13060400
2024-06-20 00:00:00-04:00,501.5215646800496,503.1899864874481,496.29653819965694,501.2218627929688,11801200
2024-06-21 00:00:00-04:00,502.9701915014346,502.9701915014346,491.920734842044,494.3084411621094,23130700
2024-06-24 00:00:00-04:00,498.724241424852,507.31602066261,493.81891732248965,498.43450927734375,13525300
2024-06-25 00:00:00-04:00,496.5762684954333,510.22325333147273,495.027757936438,510.1133728027344,12109800
2024-06-26 00:00:00-04:00,506.1671462658553,513.3203263005192,504.19902249592326,512.6309814453125,8882300
2024-06-27 00:00:00-04:00,513.7598825887336,522.3816624532625,513.4102405548198,519.0648193359375,10121200
2024-06-28 00:00:00-04:00,516.6571408083153,521.3826132431902,503.35979820893175,503.7394409179688,15855100
2024-07-01 00:00:00-04:00,504.4687673148681,506.097188225664,492.6999955166687,504.1990051269531,10328200
2024-07-02 00:00:00-04:00,500.282743997148,510.01345121404256,498.9739949747379,509.014404296875,7739500
2024-07-03 00:00:00-04:00,505.887393653256,510.7927177826559,505.53772112688665,509.4739685058594,6005600
2024-07-05 00:00:00-04:00,511.11240088917486,540.3544927193118,511.11240088917486,539.3953857421875,21354100
2024-07-08 00:00:00-04:00,541.8331021250085,542.2926856849058,526.1481134099676,528.8155517578125,14917500
2024-07-09 00:00:00-04:00,533.2412990354143,536.9677245727125,527.6866005421529,529.494873046875,8753200
2024-07-10 00:00:00-04:00,530.2841123984558,538.3664291111329,527.8564356099822,534.180419921875,10983300
2024-07-11 00:00:00-04:00,530.3840305417114,534.9496822536379,507.8854745370895,512.2113647460938,16458300
2024-07-12 00:00:00-04:00,497.2856038051726,507.6057450561888,493.7589694031428,498.39453125,19750500
2024-07-15 00:00:00-04:00,498.1547809522942,506.197096630063,492.8997842875474,495.6871337890625,12539200
2024-07-16 00:00:00-04:00,501.0220428576974,503.4697200680525,485.3270238903988,489.3232116699219,14075800
2024-07-17 00:00:00-04:00,478.71333208982696,478.71333208982696,458.6824227988985,461.5496826171875,28076600
2024-07-18 00:00:00-04:00,474.5472883928091,478.78323758972414,464.0972661157159,475.396484375,19267200
2024-07-19 00:00:00-04:00,475.6062865603768,486.2461304350434,475.2566140316615,476.3356018066406,15149400
2024-07-22 00:00:00-04:00,486.1162295430572,491.59101755744814,483.4387911553188,486.9354553222656,12023100
2024-07-23 00:00:00-04:00,489.3731410276354,494.7480183506988,487.2551664293634,488.2242431640625,9455500
2024-07-24 00:00:00-04:00,471.8598391006733,475.8460264770519,460.1410079828305,460.8303527832031,17649700
2024-07-25 00:00:00-04:00,462.8184931698011,463.1081948294274,442.2281199718486,452.9778747558594,18240500
2024-07-26 00:00:00-04:00,463.7575941652689,469.3222623588836,458.9821510896428,465.2561645507813,14222400
2024-07-29 00:00:00-04:00,469.43218297065135,473.50828108763176,464.57679896832144,465.2661437988281,11339600
2024-07-30 00:00:00-04:00,466.5549013988184,472.2794511006181,456.26473054409126,462.74853515625,11390400
2024-07-31 00:00:00-04:00,470.5710750336101,476.0458631979772,466.3051556089315,474.37744140625,24285800
2024-08-01 00:00:00-04:00,520.5034351436154,526.6675374459451,491.6309858178004,497.2655944824219,43083100
2024-08-02 00:00:00-04:00,488.5339398796102,500.6723537605156,475.6961809650345,487.6747741699219,24044700
2024-08-05 00:00:00-04:00,450.9198420739792,483.0192251063817,450.3703479643619,475.276611328125,21396200
2024-08-06 00:00:00-04:00,478.54346551440767,502.0810080597113,478.1937930014065,493.61907958984375,20955000
2024-08-07 00:00:00-04:00,502.6504889268074,509.66378742965634,486.3959757932957,488.45404052734375,20105300
2024-08-08 00:00:00-04:00,497.0258430822951,509.4739591782919,494.24849386209854,509.144287109375,16156800
2024-08-09 00:00:00-04:00,507.2261100921172,517.8460143623263,505.2180464878717,517.2765502929688,13696600
2024-08-12 00:00:00-04:00,516.3673577876184,517.5262863200741,508.61477470058526,515.458251953125,9767400
2024-08-13 00:00:00-04:00,519.5144160769801,530.993455817065,517.6562033778356,528.0362548828125,13743800
2024-08-14 00:00:00-04:00,527.5567444807748,533.4910859659929,522.6314501991138,526.2579956054688,11444200
2024-08-15 00:00:00-04:00,531.2831124152483,539.2555478927371,526.1979980000913,536.81787109375,13482100
2024-08-16 00:00:00-04:00,531.3930689263692,533.1513402444934,524.1599181711334,526.9172973632812,14776700
2024-08-19 00:00:00-04:00,526.3678365487594,531.1532492591724,522.261768414688,528.7755737304688,9879700
2024-08-20 00:00:00-04:00,527.8464174459085,530.5838572359572,525.3788008147258,526.2279663085938,7944400
2024-08-21 00:00:00-04:00,526.6475880425513,538.8859123425306,526.4277660205616,534.64990234375,13423300
2024-08-22 00:00:00-04:00,536.4882100014216,543.7112999083582,528.0862520154448,531.4230346679688,15708300
2024-08-23 00:00:00-04:00,536.408246443882,539.3554470050996,524.5595648008554,527.4967651367188,11323900
2024-08-26 00:00:00-04:00,527.0971569027819,527.4968000815176,514.459249320355,520.6233520507812,9584000
2024-08-27 00:00:00-04:00,518.4853438587916,523.51057906585,514.8188587866515,518.605224609375,6282700
2024-08-28 00:00:00-04:00,517.1765809660636,520.5933651969109,511.9615855247425,516.2874755859375,9106100
2024-08-29 00:00:00-04:00,518.5553002496886,526.6975571738178,515.1885169514869,517.72607421875,8317400
2024-08-30 00:00:00-04:00,520.8531113136416,523.0410266081785,514.7090090591662,520.8131713867188,9157500
2024-09-03 00:00:00-04:00,519.1447417032381,524.9891416318818,508.1352254384332,511.2722473144531,12459100
2024-09-04 00:00:00-04:00,505.58765619712113,516.0976487692458,503.5895624595754,512.2512817382812,8335200
2024-09-05 00:00:00-04:00,511.2322853486745,521.1328438726881,510.6628212934672,516.3673706054688,8640900
2024-09-06 00:00:00-04:00,521.3826017656914,524.08004059479,497.7751186081344,499.7931823730469,14744500
2024-09-09 00:00:00-04:00,505.67758831619545,510.8426437744078,501.601459844262,504.3088989257813,11047800
2024-09-10 00:00:00-04:00,507.6756821389297,513.6899335695025,499.5534258713563,504.3088989257813,9899000
2024-09-11 00:00:00-04:00,506.5267801834282,512.6309421279341,495.12765135849423,511.3421630859375,10782500
2024-09-12 00:00:00-04:00,516.5572207090098,526.2080485315054,514.7289476907379,525.0990600585938,11993300
2024-09-13 00:00:00-04:00,519.8441059682566,527.0771959793254,516.6171429226001,524.1199951171875,10321400
2024-09-16 00:00:00-04:00,524.5399780273438,534.0999755859375,517.4000244140625,533.280029296875,9527600
2024-09-17 00:00:00-04:00,537.5999755859375,542.0999755859375,530.5700073242188,536.3200073242188,11690800
2024-09-18 00:00:00-04:00,537.0700073242188,544.2000122070312,533.9000244140625,537.9500122070312,10323500
2024-09-19 00:00:00-04:00,550.0,562.0700073242188,546.52001953125,559.0999755859375,15647000
2024-09-20 00:00:00-04:00,560.0,564.5,556.2999877929688,561.3499755859375,22066800
2024-09-23 00:00:00-04:00,569.5,573.97998046875,562.4099731445312,564.4099731445312,12830700
2024-09-24 00:00:00-04:00,566.6799926757812,567.75,554.1900024414062,563.3300170898438,12993000
2024-09-25 00:00:00-04:00,564.0499877929688,576.8800048828125,563.719970703125,568.3099975585938,16543400
2024-09-26 00:00:00-04:00,575.72998046875,577.4000244140625,562.3499755859375,567.8400268554688,14400800
2024-09-27 00:00:00-04:00,570.0999755859375,570.8400268554688,564.510009765625,567.3599853515625,9398400
2024-09-30 00:00:00-04:00,567.7000122070312,574.6799926757812,564.7999877929688,572.4400024414062,12792300
2024-10-01 00:00:00-04:00,577.97998046875,583.0399780273438,570.0999755859375,576.469970703125,15259300
2024-10-02 00:00:00-04:00,574.8599853515625,576.0,569.3400268554688,572.8099975585938,6524700
2024-10-03 00:00:00-04:00,570.1500244140625,583.3599853515625,568.72998046875,582.77001953125,11581000
2024-10-04 00:00:00-04:00,583.72998046875,596.8499755859375,581.4299926757812,595.9400024414062,14169500
2024-10-07 00:00:00-04:00,598.219970703125,602.9500122070312,584.0399780273438,584.780029296875,12014200
2024-10-08 00:00:00-04:00,589.6900024414062,593.5599975585938,585.969970703125,592.8900146484375,7857400
2024-10-09 00:00:00-04:00,593.989990234375,594.3900146484375,581.6099853515625,590.510009765625,9529700
2024-10-10 00:00:00-04:00,587.5700073242188,590.22998046875,582.52001953125,583.8300170898438,7740400
2024-10-11 00:00:00-04:00,584.8300170898438,591.2100219726562,582.7100219726562,589.9500122070312,8587100
2024-10-14 00:00:00-04:00,594.219970703125,600.0999755859375,589.9600219726562,590.4199829101562,8252000
2024-10-15 00:00:00-04:00,590.1599731445312,590.6099853515625,580.1400146484375,586.27001953125,9564200
2024-10-16 00:00:00-04:00,581.4000244140625,582.0800170898438,574.030029296875,576.7899780273438,11268400
2024-10-17 00:00:00-04:00,583.3300170898438,584.969970703125,575.2000122070312,576.9299926757812,8701200
2024-10-18 00:00:00-04:00,581.0999755859375,583.969970703125,575.25,576.469970703125,7694300
2024-10-21 00:00:00-04:00,576.030029296875,577.239990234375,569.1099853515625,575.1599731445312,8171900
2024-10-22 00:00:00-04:00,574.2899780273438,583.530029296875,572.1199951171875,582.010009765625,8544500
2024-10-23 00:00:00-04:00,579.969970703125,585.0,562.5,563.6900024414062,14248400
2024-10-24 00:00:00-04:00,567.1300048828125,568.8800048828125,561.52001953125,567.780029296875,7184700
2024-10-25 00:00:00-04:00,573.9299926757812,581.2899780273438,571.719970703125,573.25,11337900
2024-10-28 00:00:00-04:00,582.0,583.75,574.1199951171875,578.1599731445312,10925100
2024-10-29 00:00:00-04:00,580.1500244140625,593.6699829101562,575.4000244140625,593.280029296875,13019100
2024-10-30 00:00:00-04:00,600.97998046875,601.2000122070312,589.3800048828125,591.7999877929688,26864900
2024-10-31 00:00:00-04:00,585.0,589.9000244140625,563.010009765625,567.5800170898438,26838400
2024-11-01 00:00:00-04:00,567.6099853515625,573.6699829101562,562.5599975585938,567.1599731445312,15303200
2024-11-04 00:00:00-05:00,564.0999755859375,568.6900024414062,557.8900146484375,560.6799926757812,12064600
2024-11-05 00:00:00-05:00,567.2999877929688,573.47998046875,566.6699829101562,572.4299926757812,9775400
2024-11-06 00:00:00-05:00,562.75,573.0,555.1699829101562,572.0499877929688,18305400
2024-11-07 00:00:00-05:00,576.8900146484375,594.7999877929688,575.2100219726562,591.7000122070312,14653700
2024-11-08 00:00:00-05:00,591.5399780273438,593.0999755859375,584.52001953125,589.3400268554688,9415700
2024-11-11 00:00:00-05:00,586.3599853515625,587.0,576.510009765625,583.1699829101562,10209100
2024-11-12 00:00:00-05:00,588.5399780273438,599.6599731445312,580.3800048828125,584.8200073242188,16287700
2024-11-13 00:00:00-05:00,582.6099853515625,585.6400146484375,575.1699829101562,580.0,10757600
2024-11-14 00:00:00-05:00,577.0,580.760009765625,573.010009765625,577.1599731445312,11053700
2024-11-15 00:00:00-05:00,571.219970703125,572.5700073242188,551.5,554.0800170898438,17712900
2024-11-18 00:00:00-05:00,557.0399780273438,559.9000244140625,550.0900268554688,554.4000244140625,14346700
2024-11-19 00:00:00-05:00,551.8599853515625,561.4299926757812,550.5999755859375,561.0900268554688,9522400
2024-11-20 00:00:00-05:00,562.9299926757812,566.3499755859375,554.2000122070312,565.52001953125,9797300
2024-11-21 00:00:00-05:00,569.52001953125,570.0,549.0499877929688,563.0900268554688,11154700
2024-11-22 00:00:00-05:00,563.5499877929688,563.8300170898438,554.5900268554688,559.1400146484375,9164000
2024-11-25 00:00:00-05:00,562.0999755859375,572.5900268554688,556.3900146484375,565.1099853515625,13599800
2024-11-26 00:00:00-05:00,566.0,577.5,565.2000122070312,573.5399780273438,10356600
2024-11-27 00:00:00-05:00,574.8900146484375,574.97998046875,564.0999755859375,569.2000122070312,7200200
2024-11-29 00:00:00-05:00,569.0,578.4600219726562,566.9000244140625,574.3200073242188,7130500
